{
  "generated_by": {
    "program": "augur",
    "version": "27.0.0"
  },
  "models": {
    "broad": {
      "alphabet": [
        "avian",
        "chicken",
        "duck",
        "goose",
        "guinea_fowl",
        "gull",
        "wader",
        "?"
      ],
      "equilibrium_probabilities": [
        0.24801416632208884,
        0.11101104713609243,
        0.22885548838217834,
        0.09331059547566428,
        0.1108495849101604,
        0.11322693888908703,
        0.09473217888472873
      ],
      "rate": 7.961508036784183,
      "transition_matrix": [
        [
          0.0,
          0.6175594420145839,
          0.8343687738949536,
          0.6185678225220892,
          0.6179894579988038,
          0.617512183331473,
          6.424145494348296
        ],
        [
          0.6175594420145839,
          0.0,
          0.7397512583038549,
          0.620801734494545,
          0.6207432202087719,
          0.6204826344195423,
          0.6089982906281396
        ],
        [
          0.8343687738949536,
          0.7397512583038549,
          0.0,
          1.2809787750669737,
          0.7404938113398893,
          0.9831956774884052,
          3.459691238226285
        ],
        [
          0.6185678225220892,
          0.620801734494545,
          1.2809787750669737,
          0.0,
          0.6209635056922358,
          0.6207971683936998,
          0.6110821449498027
        ],
        [
          0.6179894579988038,
          0.6207432202087719,
          0.7404938113398893,
          0.6209635056922358,
          0.0,
          0.6206793262870854,
          0.6091694311767017
        ],
        [
          0.617512183331473,
          0.6204826344195423,
          0.9831956774884052,
          0.6207971683936998,
          0.6206793262870854,
          0.0,
          0.9134437634045789
        ],
        [
          6.424145494348296,
          0.6089982906281396,
          3.459691238226285,
          0.6110821449498027,
          0.6091694311767017,
          0.9134437634045789,
          0.0
        ]
      ]
    },
    "country": {
      "alphabet": [
        "Canada",
        "Guatemala",
        "Usa",
        "?"
      ],
      "equilibrium_probabilities": [
        0.21403636002656093,
        0.08980383141079461,
        0.6961598085626445
      ],
      "rate": 17.3715360746207,
      "transition_matrix": [
        [
          0.0,
          0.128335406990884,
          3.017596989193983
        ],
        [
          0.128335406990884,
          0.0,
          0.7661924642570751
        ],
        [
          3.017596989193983,
          0.7661924642570751,
          0.0
        ]
      ]
    },
    "flyway": {
      "alphabet": [
        "atlantic_flyway",
        "central_flyway",
        "mississippi_flyway",
        "pacific_flyway",
        "unknown",
        "?"
      ],
      "equilibrium_probabilities": [
        0.19829377362728864,
        0.18716969925068333,
        0.1896764175546953,
        0.21789591380267653,
        0.20696419576465616
      ],
      "rate": 26.1178536764276,
      "transition_matrix": [
        [
          0.0,
          2.284605610031541,
          2.744436225760494,
          0.2832523082610394,
          0.24935635805636733
        ],
        [
          2.284605610031541,
          0.0,
          4.136108819383023,
          2.018779928383858,
          0.14964884341874268
        ],
        [
          2.744436225760494,
          4.136108819383023,
          0.0,
          0.7944917125733503,
          0.3667951605404138
        ],
        [
          0.2832523082610394,
          2.018779928383858,
          0.7944917125733503,
          0.0,
          0.16207532205374053
        ],
        [
          0.24935635805636733,
          0.14964884341874268,
          0.3667951605404138,
          0.16207532205374053,
          0.0
        ]
      ]
    },
    "order": {
      "alphabet": [
        "anseriformes",
        "avian",
        "charadriiformes",
        "galliformes",
        "?"
      ],
      "equilibrium_probabilities": [
        0.2578802233316401,
        0.4647909736387537,
        0.15864577798508653,
        0.11868302504451968
      ],
      "rate": 9.767687039863528,
      "transition_matrix": [
        [
          0.0,
          0.41440251037818054,
          2.346109124927522,
          0.6454395754170701
        ],
        [
          0.41440251037818054,
          0.0,
          4.129487683276516,
          0.4081798447170538
        ],
        [
          2.346109124927522,
          4.129487683276516,
          0.0,
          0.4025389650017366
        ],
        [
          0.6454395754170701,
          0.4081798447170538,
          0.4025389650017366,
          0.0
        ]
      ]
    },
    "species": {
      "alphabet": [
        "american_black_duck",
        "american_green-winged_teal",
        "american_wigeon",
        "bird",
        "black_scoter",
        "blue-winged_teal",
        "bufflehead",
        "chicken",
        "cinnamon_teal",
        "duck",
        "gadwall",
        "glaucous-winged_gull",
        "glaucous_gull",
        "greater_white-fronted_goose",
        "green-winged_teal",
        "guinea_fowl",
        "hooded_merganser",
        "laughing_gull",
        "lesser_scaup",
        "long-tailed_duck",
        "mallard",
        "mallard-black_duck_hybrid",
        "northern_pintail",
        "northern_shoveler",
        "red_knot",
        "redhead",
        "ring-necked_duck",
        "ruddy_duck",
        "ruddy_turnstone",
        "sanderling",
        "semi-palmated_sandpiper",
        "shorebird",
        "snow_goose",
        "stellars_eider",
        "wigeon",
        "wood_duck",
        "?"
      ],
      "equilibrium_probabilities": [
        0.011564003927630342,
        0.019071187737455784,
        0.02877092852916298,
        0.033028070312146635,
        0.02857361053998439,
        0.004371963377651605,
        0.0319239301551318,
        0.033082672538577634,
        0.025339079302833255,
        0.016521285558115714,
        0.033307535383023466,
        0.04022170747853358,
        0.03618846436833492,
        0.028575443339593217,
        0.011036168286159064,
        0.033052413401789875,
        0.03706476222818424,
        0.03943563337486967,
        0.0318534783329881,
        0.02553845885980498,
        0.011990099659368827,
        0.0395081916070029,
        0.004902192886860674,
        0.019102528731963383,
        0.03960000553589385,
        0.02848864017928101,
        0.026484771554389646,
        0.03473045001512589,
        0.02038926356748872,
        0.03234664341322509,
        0.039699725686522684,
        0.031169469059088906,
        0.03774969133857096,
        0.03301082868419382,
        0.022745947320869587,
        0.02956075372818279
      ],
      "rate": 41.14939534908418,
      "transition_matrix": [
        [
          0.0,
          1.0437749409262131,
          1.6326240976663018,
          0.9675448782854279,
          0.9719660947252267,
          4.03167035397602,
          0.9675910701610949,
          0.9675139565084548,
          0.9680767832842369,
          0.9811476849634347,
          0.9676952910684969,
          1.4510541798835186,
          0.9674015055356459,
          0.9677263432220999,
          2.0795992262007728,
          0.9675317818994932,
          0.9682254406668449,
          0.967234761928207,
          0.9677012502004047,
          1.1244973594415946,
          9.955129655910323,
          1.60774275202471,
          1.7155709535535812,
          0.9685200895185473,
          0.9672329674426848,
          0.9682609299184921,
          0.9886232702051967,
          0.9675223391841776,
          1.1807769906623389,
          0.9678897128873238,
          0.9672323258725788,
          0.9719446415206137,
          0.9674310197589862,
          0.9675163519317947,
          0.9681049308940218,
          0.9679265463253165
        ],
        [
          1.0437749409262131,
          0.0,
          0.9682393034235783,
          0.9680175254216837,
          0.968127207067435,
          7.17765208088327,
          0.9680577943121721,
          0.9679353149335208,
          0.9682338237154783,
          0.9777657733587153,
          1.4528660787987764,
          0.967859497989427,
          0.9679439709531414,
          0.9680927845581861,
          0.9700390560645661,
          0.9679807971589051,
          0.9680136659653439,
          0.9678623393931509,
          0.9681036425965452,
          0.985081394755532,
          3.50077711957943,
          0.9680785058539388,
          3.4007500028950877,
          0.9685595845497466,
          0.9678558667552454,
          0.9687133093705571,
          0.968264367973094,
          0.9680152679194257,
          0.9786318108938181,
          0.9682034937444731,
          0.9678502734043621,
          0.9673473800833488,
          0.9679034119228287,
          0.9679778993611209,
          0.9682588996320762,
          1.0355331058215593
        ],
        [
          1.6326240976663018,
          0.9682393034235783,
          0.0,
          0.9685384129897648,
          0.968586452322324,
          0.9582866127880476,
          0.9685363311895827,
          0.9684003690210667,
          0.9685120553395147,
          0.9736735562235634,
          0.9685412458153507,
          0.9685401339633699,
          0.9684224375047207,
          0.9685421420995923,
          0.9691616250964143,
          0.9684769175334162,
          0.9685710889389341,
          0.9684905104935037,
          0.9685507901311166,
          0.969290660135336,
          1.8356789185498161,
          1.4619209810007459,
          2.109825359999203,
          0.9683187273941626,
          0.9684808343133565,
          0.9685541182636969,
          0.9686698699625876,
          0.9684832029175038,
          0.9651285683004879,
          0.9685439489021078,
          0.9684700079256846,
          0.9674114215611691,
          0.9684948083327051,
          0.9684854436018052,
          0.9685502575313216,
          0.9685360682396229
        ],
        [
          0.9675448782854279,
          0.9680175254216837,
          0.9685384129897648,
          0.0,
          0.9686311831286784,
          0.9580905379284685,
          0.9686282988124706,
          0.9684762809123761,
          0.9685107054811621,
          0.9726600825009339,
          0.9686469141803725,
          0.9686485746037942,
          0.9685049855363711,
          0.9685970031307045,
          0.9686672038393039,
          0.9685648474098049,
          0.9686741700307406,
          0.9686436830411687,
          0.968635757200712,
          0.9689543070306719,
          1.3992686980334839,
          0.9687727547136659,
          0.9634954669836456,
          0.9680711839664118,
          0.9686313140021053,
          0.968585484295419,
          0.9686458890187939,
          0.9685868888299339,
          0.9642465814669983,
          0.968599859543004,
          0.9686197031355275,
          0.9673099690786118,
          0.9686390163033644,
          0.9685756182957207,
          0.9685346867088325,
          0.968606174093094
        ],
        [
          0.9719660947252267,
          0.968127207067435,
          0.968586452322324,
          0.9686311831286784,
          0.0,
          0.9587803413555913,
          0.9686236380329638,
          0.9684933109459013,
          0.9685362392246658,
          0.973150811061112,
          0.9686426351360067,
          0.968638810170326,
          0.9685188701955068,
          0.968598680251647,
          0.9688690854525681,
          0.9685694763245436,
          0.9686659903609943,
          0.9686338980838385,
          0.9686344586316105,
          0.969070840551488,
          1.878586617458178,
          0.9687829149366213,
          0.9645398752077398,
          0.9681753880289952,
          0.9686236643792854,
          0.9686067289900231,
          0.9686470459759137,
          0.9685888278694753,
          0.9650023739254807,
          0.9686228748027008,
          0.9686141637268206,
          0.9674904977280785,
          0.9686297883750093,
          0.9685781162918314,
          0.9685547144925793,
          0.9686085380914595
        ],
        [
          4.03167035397602,
          7.17765208088327,
          0.9582866127880476,
          0.9580905379284685,
          0.9587803413555913,
          0.0,
          1.4266420598800227,
          0.956231101607238,
          0.9610053616544109,
          1.0014823242317168,
          2.628215653296761,
          0.9526020248981245,
          0.9544275081284099,
          0.9575348699567873,
          2.975829634791287,
          0.9563619392571597,
          0.9540562419897037,
          0.953015305284167,
          1.434433563053847,
          1.7887060429561301,
          51.4625050462404,
          0.954139754838077,
          1.8453526823919622,
          1.6039363165367937,
          0.953250667550543,
          1.2363682190624026,
          0.9633962841422821,
          1.139644091889925,
          2.5767308050958793,
          0.9601662667322807,
          0.9535797910655681,
          0.9615481957819312,
          1.430115712644488,
          0.9557166457051357,
          0.9610609077475493,
          2.660984378343486
        ],
        [
          0.9675910701610949,
          0.9680577943121721,
          0.9685363311895827,
          0.9686282988124706,
          0.9686236380329638,
          1.4266420598800227,
          0.0,
          0.9684726246158187,
          0.9685102480787453,
          0.9727572371937687,
          0.9686727615943669,
          0.968636716435671,
          0.9684997027131695,
          0.9685902601762567,
          0.9687155104505861,
          0.9685581322031308,
          0.9686628098822916,
          0.9686320743358674,
          0.9686296513629914,
          0.9690154220056281,
          1.4126765963541723,
          0.9687596802735036,
          0.9637059923036471,
          0.9722558648890192,
          0.9686201566957643,
          0.9686145196427884,
          0.968641482334283,
          0.9685820846405958,
          0.9645241895446063,
          0.9685970164748501,
          0.968608694904069,
          0.9673463501435949,
          0.9686296473399545,
          0.9685683609734471,
          0.9685329460549774,
          0.9686214793934872
        ],
        [
          0.9675139565084548,
          0.9679353149335208,
          0.9684003690210667,
          0.9684762809123761,
          0.9684933109459013,
          0.956231101607238,
          0.9684726246158187,
          0.0,
          0.9683909180843308,
          0.9726041479144143,
          0.9684849430839377,
          0.9684498334121644,
          0.9683271384371382,
          0.9684594053314063,
          0.9686752629543778,
          0.9684634114500135,
          0.968491299485369,
          0.9684488265603407,
          0.9684801053608618,
          0.9688335942339675,
          1.399143162434826,
          0.9685779832008865,
          0.9637050728716722,
          0.9679908335352287,
          0.9684356497105577,
          0.9684480559241816,
          0.9685193507211967,
          0.9684168883355196,
          0.9641519809276744,
          0.9684423082008229,
          0.968423535211603,
          0.9671570958815924,
          0.9684524821763911,
          0.9684142139190991,
          0.9684297946182235,
          0.9684626703564223
        ],
        [
          0.9680767832842369,
          0.9682338237154783,
          0.9685120553395147,
          0.9685107054811621,
          0.9685362392246658,
          0.9610053616544109,
          0.9685102480787453,
          0.9683909180843308,
          0.0,
          0.9736738150882038,
          0.9685244334824838,
          0.9684799948025855,
          0.9683990702384789,
          0.9685096327005782,
          0.9702642609111609,
          0.9684578529037029,
          0.9685217773185294,
          0.9684783878317548,
          0.9685254784896923,
          0.9690855671559957,
          2.3599826313171754,
          0.9686208796288737,
          0.9660724442435067,
          0.9682494381810822,
          0.9684692328066112,
          0.9685380563654673,
          0.9685683763415602,
          0.9684700591768723,
          0.9655476604172689,
          0.9685345508542798,
          0.968460486671778,
          0.9675190278531501,
          0.9684812792751456,
          0.9684645442919279,
          0.968522053111799,
          0.9685115395896309
        ],
        [
          0.9811476849634347,
          0.9777657733587153,
          0.9736735562235634,
          0.9726600825009339,
          0.973150811061112,
          1.0014823242317168,
          0.9727572371937687,
          0.9726041479144143,
          0.9736738150882038,
          0.0,
          0.9730374970732845,
          0.9722942184648594,
          0.9724358990165151,
          0.9731353771804053,
          1.448774163024593,
          0.9726401019121738,
          0.9724821256772013,
          0.9721860324281383,
          0.9727825658132105,
          0.9746897539086408,
          5.219529745795826,
          0.9726913694568631,
          1.010391408279173,
          0.9774645320789197,
          0.9723022972777903,
          0.9733732661453071,
          0.9735588801572532,
          0.9725550294351202,
          0.9734345657432044,
          0.973068160012362,
          0.9723792185114053,
          0.9727631918217099,
          0.972188165453818,
          0.9726382042424817,
          0.9741056237165813,
          0.9733314220153971
        ],
        [
          0.9676952910684969,
          1.4528660787987764,
          0.9685412458153507,
          0.9686469141803725,
          0.9686426351360067,
          2.628215653296761,
          0.9686727615943669,
          0.9684849430839377,
          0.9685244334824838,
          0.9730374970732845,
          0.0,
          0.9686580381339174,
          0.9685113539879893,
          0.96860558955439,
          0.9687920921948472,
          0.9685740323851506,
          0.9686873086366571,
          0.9686530271308511,
          0.9686861033736,
          0.9691591328623594,
          1.131939275792396,
          0.968782319765734,
          0.9634508890725239,
          0.9681377752586604,
          0.9686409054572582,
          1.2834665453079754,
          0.9686623370325189,
          0.968601401873594,
          0.9645715226254822,
          0.9686152418198877,
          0.9686276662020935,
          0.9673067458300904,
          0.9686922091554983,
          0.9685844379761764,
          0.9685456539836824,
          0.9688421103330307
        ],
        [
          1.4510541798835186,
          0.967859497989427,
          0.9685401339633699,
          0.9686485746037942,
          0.968638810170326,
          0.9526020248981245,
          0.968636716435671,
          0.9684498334121644,
          0.9684799948025855,
          0.9722942184648594,
          0.9686580381339174,
          0.0,
          0.9684815472130546,
          0.9685980789719892,
          0.9685223806399116,
          0.9685582311376498,
          0.9686866906552798,
          0.9686559363413154,
          0.9686403983654401,
          0.9688551346348714,
          0.9289985840961802,
          0.9688303564961838,
          0.9620654968257923,
          0.9679242616943491,
          0.9686403230597191,
          0.9685640460941277,
          0.9686524382122783,
          0.9685838722034259,
          0.9630816039985245,
          0.968572091993186,
          0.9686259399628774,
          0.9670240247537193,
          0.968650755640401,
          0.9685721180090002,
          0.9685138902751984,
          0.9686067593651684
        ],
        [
          0.9674015055356459,
          0.9679439709531414,
          0.9684224375047207,
          0.9685049855363711,
          0.9685188701955068,
          0.9544275081284099,
          0.9684997027131695,
          0.9683271384371382,
          0.9683990702384789,
          0.9724358990165151,
          0.9685113539879893,
          0.9684815472130546,
          0.0,
          0.96848219539173,
          0.9685884301112124,
          0.9684244887548311,
          0.9685290226219736,
          0.9684799077173533,
          0.9685057662385165,
          0.9688004478495275,
          1.1410862505712782,
          0.9686072064544052,
          1.2263664494845345,
          0.9680143950761826,
          0.96846543042401,
          0.968459199620599,
          0.9685538843088768,
          0.9684405953424761,
          0.9636622343549912,
          0.9684538814907788,
          0.9684516814602689,
          0.9670563455991452,
          0.9684823513363248,
          0.9684367543555624,
          0.968440134194984,
          0.968483949176203
        ],
        [
          0.9677263432220999,
          0.9680927845581861,
          0.9685421420995923,
          0.9685970031307045,
          0.968598680251647,
          0.9575348699567873,
          0.9685902601762567,
          0.9684594053314063,
          0.9685096327005782,
          0.9731353771804053,
          0.96860558955439,
          0.9685980789719892,
          0.96848219539173,
          0.0,
          0.968798097628396,
          0.9685355160064983,
          0.9686283728955947,
          0.9685941873630969,
          0.968602214382595,
          0.9690373014966811,
          1.8795211565697292,
          0.9687292323538743,
          0.9644349143305958,
          0.9681493342432166,
          0.9685837379457359,
          0.9685766269173404,
          0.9686178604291217,
          0.9685533351320957,
          0.9649778033751245,
          0.9685902080107611,
          0.9685738118106315,
          0.9674572802435288,
          0.9685916579196102,
          0.968544040820833,
          0.9685288517024057,
          0.9685761484025339
        ],
        [
          2.0795992262007728,
          0.9700390560645661,
          0.9691616250964143,
          0.9686672038393039,
          0.9688690854525681,
          2.975829634791287,
          0.9687155104505861,
          0.9686752629543778,
          0.9702642609111609,
          1.448774163024593,
          0.9687920921948472,
          0.9685223806399116,
          0.9685884301112124,
          0.968798097628396,
          0.0,
          0.9686839204534868,
          0.9687017662889083,
          0.9684926629024221,
          0.9689045692709808,
          0.9708961018963194,
          11.495039227473345,
          0.9689334577146488,
          1.6619305133130506,
          0.970290035016344,
          0.9685103303453836,
          0.9693486383080422,
          0.9690110373831525,
          0.9686564636882291,
          0.9696215820259144,
          0.96907904341148,
          0.9685166952012879,
          0.9684180236481438,
          0.9685676159337302,
          0.9686603743835207,
          0.9692085807226978,
          1.1858143771705068
        ],
        [
          0.9675317818994932,
          0.9679807971589051,
          0.9684769175334162,
          0.9685648474098049,
          0.9685694763245436,
          0.9563619392571597,
          0.9685581322031308,
          0.9684634114500135,
          0.9684578529037029,
          0.9726401019121738,
          0.9685740323851506,
          0.9685582311376498,
          0.9684244887548311,
          0.9685355160064983,
          0.9686839204534868,
          0.0,
          0.9685911105883956,
          0.9685551068685119,
          0.9685655008673025,
          0.9689009328199164,
          1.3995171825818657,
          0.9686843220339394,
          0.9636166385433083,
          0.9680385630349755,
          0.9685423782009382,
          0.9685239592376041,
          0.9685896032502048,
          0.9685101174208364,
          0.9642070392858071,
          0.9685289448129378,
          0.968530541259701,
          0.9672413578280005,
          0.9685542076380539,
          0.9685027790101188,
          0.9684891504055937,
          0.9685416567145916
        ],
        [
          0.9682254406668449,
          0.9680136659653439,
          0.9685710889389341,
          0.9686741700307406,
          0.9686659903609943,
          0.9540562419897037,
          0.9686628098822916,
          0.968491299485369,
          0.9685217773185294,
          0.9724821256772013,
          0.9686873086366571,
          0.9686866906552798,
          0.9685290226219736,
          0.9686283728955947,
          0.9687017662889083,
          0.9685911105883956,
          0.0,
          0.968680707642547,
          0.9686666663709761,
          0.9688811239480163,
          1.07205200681145,
          0.9688097371535296,
          1.2975812301917224,
          0.9681259097366611,
          0.9686668771484563,
          0.968604288890453,
          1.0034593943195849,
          0.9686148523102044,
          0.9636082445289027,
          0.9686124280334417,
          0.9686544334214398,
          0.9671798891537476,
          0.9686747974404014,
          0.9686038528873565,
          0.9685533112012784,
          0.968637670970969
        ],
        [
          0.967234761928207,
          0.9678623393931509,
          0.9684905104935037,
          0.9686436830411687,
          0.9686338980838385,
          0.953015305284167,
          0.9686320743358674,
          0.9684488265603407,
          0.9684783878317548,
          0.9721860324281383,
          0.9686530271308511,
          0.9686559363413154,
          0.9684799077173533,
          0.9685941873630969,
          0.9684926629024221,
          0.9685551068685119,
          0.968680707642547,
          0.0,
          0.9686356798501242,
          0.9690152719932048,
          0.9294493946449894,
          0.9687737373970096,
          0.9621748871336281,
          0.967933309447815,
          0.9686388650112768,
          0.968560821750841,
          0.9686456911759106,
          0.9685802354088905,
          1.4455570985559307,
          0.9686216158576247,
          0.9686333566239053,
          0.9671062030941159,
          0.9686458006367911,
          0.9685687241276488,
          0.9685116225048733,
          0.9686027290344817
        ],
        [
          0.9677012502004047,
          0.9681036425965452,
          0.9685507901311166,
          0.968635757200712,
          0.9686344586316105,
          1.434433563053847,
          0.9686296513629914,
          0.9684801053608618,
          0.9685254784896923,
          0.9727825658132105,
          0.9686861033736,
          0.9686403983654401,
          0.9685057662385165,
          0.968602214382595,
          0.9689045692709808,
          0.9685655008673025,
          0.9686666663709761,
          0.9686356798501242,
          0.0,
          0.9690246219023229,
          1.4166872487416782,
          0.9687642787365224,
          0.9642722447765006,
          0.968141895672064,
          0.968623900943477,
          0.9686295043842877,
          0.9686524688285759,
          0.9685894495272996,
          0.9645731686308807,
          0.9686048754861193,
          0.9686129385714236,
          0.9673596382361246,
          0.9686317846334058,
          0.9685758550818698,
          0.9685542569409471,
          0.9686302241463461
        ],
        [
          1.1244973594415946,
          0.985081394755532,
          0.969290660135336,
          0.9689543070306719,
          0.969070840551488,
          1.7887060429561301,
          0.9690154220056281,
          0.9688335942339675,
          0.9690855671559957,
          0.9746897539086408,
          0.9691591328623594,
          0.9688551346348714,
          0.9688004478495275,
          0.9690373014966811,
          0.9708961018963194,
          0.9689009328199164,
          0.9688811239480163,
          0.9690152719932048,
          0.9690246219023229,
          0.0,
          2.2307171386071976,
          0.9691608502726293,
          0.9677673099403503,
          0.9690919108316385,
          0.9693545405944204,
          0.9691352797023265,
          0.9691669879746725,
          0.9689030168904198,
          1.1868816701970353,
          0.9697358680189061,
          0.9697681105492272,
          0.9723141997707622,
          0.9688782531655762,
          0.9689080225777514,
          0.9691734700628384,
          0.9691717585978431
        ],
        [
          9.955129655910323,
          3.50077711957943,
          1.8356789185498161,
          1.3992686980334839,
          1.878586617458178,
          51.4625050462404,
          1.4126765963541723,
          1.399143162434826,
          2.3599826313171754,
          5.219529745795826,
          1.131939275792396,
          0.9289985840961802,
          1.1410862505712782,
          1.8795211565697292,
          11.495039227473345,
          1.3995171825818657,
          1.07205200681145,
          0.9294493946449894,
          1.4166872487416782,
          2.2307171386071976,
          0.0,
          1.020836325669269,
          32.99437244716346,
          3.9520442636455537,
          0.9300183848374507,
          1.8844089484581692,
          2.2557822105179928,
          1.2181215502829765,
          3.9851517204171105,
          1.500603747762628,
          0.9306220101741073,
          1.5837190296908137,
          0.9312242077804741,
          1.4028858569822025,
          2.863510430540905,
          1.472661501030911
        ],
        [
          1.60774275202471,
          0.9680785058539388,
          1.4619209810007459,
          0.9687727547136659,
          0.9687829149366213,
          0.954139754838077,
          0.9687596802735036,
          0.9685779832008865,
          0.9686208796288737,
          0.9726913694568631,
          0.968782319765734,
          0.9688303564961838,
          0.9686072064544052,
          0.9687292323538743,
          0.9689334577146488,
          0.9686843220339394,
          0.9688097371535296,
          0.9687737373970096,
          0.9687642787365224,
          0.9691608502726293,
          1.020836325669269,
          0.0,
          0.9700281353115175,
          0.9681061630569401,
          0.9687601587599829,
          0.9686996554600578,
          0.9688187119298001,
          0.968708103293549,
          0.9634667510682537,
          0.9687073773154682,
          0.9687463346992689,
          0.967185947892428,
          0.9687658271975659,
          0.9686978740532715,
          0.9686585371415413,
          0.9687322441736216
        ],
        [
          1.7155709535535812,
          3.4007500028950877,
          2.109825359999203,
          0.9634954669836456,
          0.9645398752077398,
          1.8453526823919622,
          0.9637059923036471,
          0.9637050728716722,
          0.9660724442435067,
          1.010391408279173,
          0.9634508890725239,
          0.9620654968257923,
          1.2263664494845345,
          0.9644349143305958,
          1.6619305133130506,
          0.9636166385433083,
          1.2975812301917224,
          0.9621748871336281,
          0.9642722447765006,
          0.9677673099403503,
          32.99437244716346,
          0.9700281353115175,
          0.0,
          3.2945678747432963,
          0.9621726354659009,
          0.9663838737704181,
          1.1145271950533904,
          0.9632941320371311,
          0.9709392299799372,
          0.9646593596806435,
          0.9621691652824828,
          0.9640525080616336,
          0.9624838588431426,
          0.963530301405857,
          0.9663012496185038,
          0.9643165800888416
        ],
        [
          0.9685200895185473,
          0.9685595845497466,
          0.9683187273941626,
          0.9680711839664118,
          0.9681753880289952,
          1.6039363165367937,
          0.9722558648890192,
          0.9679908335352287,
          0.9682494381810822,
          0.9774645320789197,
          0.9681377752586604,
          0.9679242616943491,
          0.9680143950761826,
          0.9681493342432166,
          0.970290035016344,
          0.9680385630349755,
          0.9681259097366611,
          0.967933309447815,
          0.968141895672064,
          0.9690919108316385,
          3.9520442636455537,
          0.9681061630569401,
          3.2945678747432963,
          0.0,
          0.9679257934161245,
          0.9682973461978569,
          1.4150294346699588,
          0.9680264415179245,
          0.9666143156668365,
          0.9681888320595264,
          0.9679181198359208,
          0.9673775167902354,
          0.9679722572289996,
          0.9680392686301799,
          0.9682897318995864,
          0.9681928634885576
        ],
        [
          0.9672329674426848,
          0.9678558667552454,
          0.9684808343133565,
          0.9686313140021053,
          0.9686236643792854,
          0.953250667550543,
          0.9686201566957643,
          0.9684356497105577,
          0.9684692328066112,
          0.9723022972777903,
          0.9686409054572582,
          0.9686403230597191,
          0.96846543042401,
          0.9685837379457359,
          0.9685103303453836,
          0.9685423782009382,
          0.9686668771484563,
          0.9686388650112768,
          0.968623900943477,
          0.9693545405944204,
          0.9300183848374507,
          0.9687601587599829,
          0.9621726354659009,
          0.9679257934161245,
          0.0,
          0.968551160408718,
          0.9686366472426993,
          0.968566803038168,
          2.3430661250825167,
          0.9687009209161643,
          0.9686430355598619,
          1.0381455431438749,
          0.9686312025154008,
          0.968556063365547,
          0.968503784062619,
          0.9685920821059797
        ],
        [
          0.9682609299184921,
          0.9687133093705571,
          0.9685541182636969,
          0.968585484295419,
          0.9686067289900231,
          1.2363682190624026,
          0.9686145196427884,
          0.9684480559241816,
          0.9685380563654673,
          0.9733732661453071,
          1.2834665453079754,
          0.9685640460941277,
          0.968459199620599,
          0.9685766269173404,
          0.9693486383080422,
          0.9685239592376041,
          0.968604288890453,
          0.968560821750841,
          0.9686295043842877,
          0.9691352797023265,
          1.8844089484581692,
          0.9686996554600578,
          0.9663838737704181,
          0.9682973461978569,
          0.968551160408718,
          0.0,
          0.9686410850075197,
          0.9685377864631647,
          0.965226516972743,
          0.9685851318094822,
          0.9685412095038103,
          0.9674614754143296,
          0.9686041427340426,
          0.9685325762729776,
          0.9685764505941903,
          0.9687397440188656
        ],
        [
          0.9886232702051967,
          0.968264367973094,
          0.9686698699625876,
          0.9686458890187939,
          0.9686470459759137,
          0.9633962841422821,
          0.968641482334283,
          0.9685193507211967,
          0.9685683763415602,
          0.9735588801572532,
          0.9686623370325189,
          0.9686524382122783,
          0.9685538843088768,
          0.9686178604291217,
          0.9690110373831525,
          0.9685896032502048,
          1.0034593943195849,
          0.9686456911759106,
          0.9686524688285759,
          0.9691669879746725,
          2.2557822105179928,
          0.9688187119298001,
          1.1145271950533904,
          1.4150294346699588,
          0.9686366472426993,
          0.9686410850075197,
          0.0,
          0.9686080647122112,
          0.96539379415339,
          0.968653747985961,
          0.9686280512754833,
          0.967593826058629,
          0.9686418050273465,
          0.9685970940960381,
          0.9685833111163117,
          0.9686301317094855
        ],
        [
          0.9675223391841776,
          0.9680152679194257,
          0.9684832029175038,
          0.9685868888299339,
          0.9685888278694753,
          1.139644091889925,
          0.9685820846405958,
          0.9684168883355196,
          0.9684700591768723,
          0.9725550294351202,
          0.968601401873594,
          0.9685838722034259,
          0.9684405953424761,
          0.9685533351320957,
          0.9686564636882291,
          0.9685101174208364,
          0.9686148523102044,
          0.9685802354088905,
          0.9685894495272996,
          0.9689030168904198,
          1.2181215502829765,
          0.968708103293549,
          0.9632941320371311,
          0.9680264415179245,
          0.968566803038168,
          0.9685377864631647,
          0.9686080647122112,
          0.0,
          0.9639668364271673,
          0.9685425769964697,
          0.9685538086966342,
          0.9671930709324993,
          0.9685810245097844,
          0.9685215603486476,
          0.9685001367237067,
          0.9685683632827962
        ],
        [
          1.1807769906623389,
          0.9786318108938181,
          0.9651285683004879,
          0.9642465814669983,
          0.9650023739254807,
          2.5767308050958793,
          0.9645241895446063,
          0.9641519809276744,
          0.9655476604172689,
          0.9734345657432044,
          0.9645715226254822,
          0.9630816039985245,
          0.9636622343549912,
          0.9649778033751245,
          0.9696215820259144,
          0.9642070392858071,
          0.9636082445289027,
          1.4455570985559307,
          0.9645731686308807,
          1.1868816701970353,
          3.9851517204171105,
          0.9634667510682537,
          0.9709392299799372,
          0.9666143156668365,
          2.3430661250825167,
          0.965226516972743,
          0.96539379415339,
          0.9639668364271673,
          0.0,
          2.4359241788009043,
          3.2623921274075642,
          10.567368124159632,
          0.9635652219445887,
          0.9642149122793054,
          0.9659870944168999,
          0.9651728291358516
        ],
        [
          0.9678897128873238,
          0.9682034937444731,
          0.9685439489021078,
          0.968599859543004,
          0.9686228748027008,
          0.9601662667322807,
          0.9685970164748501,
          0.9684423082008229,
          0.9685345508542798,
          0.973068160012362,
          0.9686152418198877,
          0.968572091993186,
          0.9684538814907788,
          0.9685902080107611,
          0.96907904341148,
          0.9685289448129378,
          0.9686124280334417,
          0.9686216158576247,
          0.9686048754861193,
          0.9697358680189061,
          1.500603747762628,
          0.9687073773154682,
          0.9646593596806435,
          0.9681888320595264,
          0.9687009209161643,
          0.9685851318094822,
          0.968653747985961,
          0.9685425769964697,
          2.4359241788009043,
          0.0,
          0.9688166022296512,
          0.9684491367217087,
          0.9685699903867271,
          0.9685394286880161,
          0.9685792138059627,
          0.9685920598744562
        ],
        [
          0.9672323258725788,
          0.9678502734043621,
          0.9684700079256846,
          0.9686197031355275,
          0.9686141637268206,
          0.9535797910655681,
          0.968608694904069,
          0.968423535211603,
          0.968460486671778,
          0.9723792185114053,
          0.9686276662020935,
          0.9686259399628774,
          0.9684516814602689,
          0.9685738118106315,
          0.9685166952012879,
          0.968530541259701,
          0.9686544334214398,
          0.9686333566239053,
          0.9686129385714236,
          0.9697681105492272,
          0.9306220101741073,
          0.9687463346992689,
          0.9621691652824828,
