Map from character to field name
A:	china
B:	europe
C:	japan korea
D:	south asia
E:	southeast asia
F:	west asia
G:	?


Substitution rate (mu): 15.690929

Equilibrium frequencies (pi_i):
  A: 0.2225
  B: 0.1451
  C: 0.1139
  D: 0.2246
  E: 0.1918
  F: 0.1021

Symmetrized rates from j->i (W_ij):
	A	B	C	D	E	F
  A	0	0.3776	3.5833	0.2459	2.15	3.6434
  B	0.3776	0	0.4122	0.2805	0.4262	3.2397
  C	3.5833	0.4122	0	0.2841	1.1066	1.2607
  D	0.2459	0.2805	0.2841	0	0.3057	2.2054
  E	2.15	0.4262	1.1066	0.3057	0	1.2518
  F	3.6434	3.2397	1.2607	2.2054	1.2518	0

Actual rates from j->i (Q_ij):
	A	B	C	D	E	F
  A	0	0.084	0.7974	0.0547	0.4785	0.8108
  B	0.0548	0	0.0598	0.0407	0.0618	0.4701
  C	0.4082	0.047	0	0.0324	0.1261	0.1436
  D	0.0552	0.063	0.0638	0	0.0687	0.4953
  E	0.4123	0.0817	0.2122	0.0586	0	0.24
  F	0.372	0.3308	0.1287	0.2252	0.1278	0
