{
  "models": {
    "country": {
      "rate": 19.561792089146895,
      "alphabet": [
        "Bangladesh",
        "Belgium",
        "Cambodia",
        "China",
        "Czech Republic",
        "France",
        "Georgia",
        "Germany",
        "Hong Kong",
        "Hungary",
        "Iceland",
        "India",
        "Indonesia",
        "Iran",
        "Italy",
        "Japan",
        "Kazakhstan",
        "Laos",
        "Luxembourg",
        "Malaysia",
        "Mongolia",
        "Netherlands",
        "Norway",
        "Pakistan",
        "Russia",
        "South Korea",
        "Sweden",
        "Taiwan",
        "Thailand",
        "Ukraine",
        "Vietnam",
        "?"
      ],
      "equilibrium_probabilities": [
        0.03476336116981877,
        0.034442633262565796,
        0.03297462896679225,
        0.02994254201920923,
        0.035583739845502234,
        0.03570754448043412,
        0.034922779179357204,
        0.035951551565708624,
        0.03307545421137774,
        0.035861203152977576,
        0.03514225577197912,
        0.035899770488449216,
        0.034444566456891104,
        0.03631647114196819,
        0.035430493666508876,
        0.02095428801657157,
        0.03620339185660834,
        0.03700784059100028,
        0.03626675536437658,
        0.03585558577441768,
        0.013056288808158494,
        0.02828908544587676,
        0.0371804179996628,
        0.03616324728411866,
        0.02098160237349077,
        0.022133799252442677,
        0.03583090025458162,
        0.027497250347466803,
        0.03590229658184369,
        0.0358509401418657,
        0.02036731452797766
      ],
      "transition_matrix": [
        [
          0.0,
          0.9367446352748722,
          0.937767814307967,
          0.9054169346304948,
          0.937662420497377,
          0.9381918280405391,
          0.9377007797664085,
          0.9396225568692971,
          0.9375606634546473,
          0.9374107887843535,
          0.9382890710114479,
          0.9373557641700492,
          0.932528919539509,
          0.9372534494058135,
          0.9373192479031235,
          0.9343109659122337,
          0.9543114645610583,
          0.9373275326540764,
          0.9374324653420016,
          0.9374018588971462,
          3.7948983746165794,
          0.9364614501327725,
          0.9375413350905212,
          0.9393145910259344,
          3.4251541144110416,
          0.9290865682241161,
          0.939436045543812,
          0.9369755010822363,
          0.9374370358253604,
          0.9374148512891459,
          0.9290626399299081
        ],
        [
          0.9367446352748722,
          0.0,
          0.9383002680724047,
          0.9105845742647392,
          0.9451373845298432,
          0.9416371511464191,
          1.3745401146385954,
          0.9408525227151727,
          0.9382776511460561,
          0.938206718175226,
          0.9407445544480401,
          0.9379853706233464,
          0.9332589661572633,
          0.9380219369187736,
          0.9381488431365831,
          0.9347193667157417,
          0.9381987086080454,
          0.9381206540979493,
          0.9382030599356858,
          0.9384457909871642,
          0.930202583291247,
          3.356709828436798,
          0.93876710248372,
          0.9401446662157282,
          2.572098281108604,
          0.9310669890283778,
          0.9404096333732517,
          0.9373144104589407,
          0.9379241663032603,
          0.9382165534630144,
          0.9295078864505442
        ],
        [
          0.937767814307967,
          0.9383002680724047,
          0.0,
          1.3794552162824607,
          0.9393204121685722,
          0.9399020778867809,
          0.9391927536178581,
          0.9400720567129451,
          0.9391892712530691,
          0.9391744790711504,
          0.9400606775775635,
          0.9389996467269113,
          0.9345400149455053,
          0.9390199959798077,
          0.9390682253273954,
          0.9360749878313682,
          0.9391697058248203,
          0.939149630715785,
          0.9391955738913269,
          0.9391667514454444,
          1.1881706020234961,
          0.9312428238741418,
          0.9393210771960113,
          0.9399330561921986,
          1.0768501947976976,
          0.9306840896639501,
          0.9400457934825228,
          0.9865392333822112,
          0.938956853362354,
          0.9391788402132941,
          0.9302065704312709
        ],
        [
          0.9054169346304948,
          0.9105845742647392,
          1.3794552162824607,
          0.0,
          0.9063916123974292,
          0.9699043695340565,
          0.906310459379458,
          0.9263731416698051,
          1.3595365937287442,
          0.9042035585549211,
          0.9828710529038427,
          0.9047032711612142,
          1.3396008517670777,
          0.9027524402478272,
          0.9055839751106255,
          3.5441775801442392,
          0.9035128339421687,
          0.9023411601438394,
          0.9029422482970365,
          0.9042183713749485,
          7.556559896235793,
          1.4137824029599193,
          0.9023867312029719,
          0.9287548224880411,
          3.732012757362085,
          4.976019228956888,
          0.9270985033151445,
          2.4425392730657665,
          0.9032709202161883,
          0.9042344076798031,
          6.025388841985191
        ],
        [
          0.937662420497377,
          0.9451373845298432,
          0.9393204121685722,
          0.9063916123974292,
          0.0,
          0.9410619772734846,
          1.2697942945136997,
          0.9492573190527953,
          0.9393192641554486,
          0.9393809723405331,
          0.9408689734526343,
          0.9390980878788323,
          0.9341550918104999,
          0.9391538217419896,
          0.939338671230155,
          0.9351528819359953,
          0.9392981621718136,
          0.9392896927808139,
          0.9393432436532184,
          0.939374022325478,
          0.9292146245926872,
          2.1208768432775975,
          1.1021174514630712,
          0.9406473869343611,
          0.9800316560998983,
          0.9304795449009114,
          0.940899297937171,
          0.9380066821900805,
          0.9390499740781968,
          0.9393885206915518,
          0.9295527667277901
        ],
        [
          0.9381918280405391,
          0.9416371511464191,
          0.9399020778867809,
          0.9699043695340565,
          0.9410619772734846,
          0.0,
          0.9406444779423632,
          0.9412912485158484,
          0.9398705517701755,
          0.9401127967337349,
          0.9483279318796831,
          0.9394756599833413,
          0.9347075461037282,
          0.9395036333236665,
          0.9405174604135998,
          0.936710766161206,
          0.9396445090581501,
          0.939642619224887,
          0.9396936764476187,
          0.940112870952647,
          0.9316874843348248,
          1.2550339376950612,
          0.9399658890515104,
          0.9407793229060628,
          0.938299878676287,
          0.9644586092559874,
          0.9413627230253314,
          0.9395436875736476,
          0.939415733537955,
          0.9401263522062068,
          0.9319398470709119
        ],
        [
          0.9377007797664085,
          1.3745401146385954,
          0.9391927536178581,
          0.906310459379458,
          1.2697942945136997,
          0.9406444779423632,
          0.0,
          0.9485515658043269,
          0.9391797190809981,
          0.9392485190505779,
          0.9405327068697326,
          0.9389716050251494,
          0.9341064076158825,
          0.9390242966312732,
          0.9392243551439796,
          0.935226387974331,
          0.9391779512338263,
          0.9391357650515192,
          0.9392089789621794,
          0.939241231277338,
          0.9293583572808758,
          1.7014444679096379,
          1.25531651963638,
          0.9403509732817028,
          1.8731622870251385,
          0.9304040138703044,
          0.9406058365711953,
          0.9379826356339005,
          0.9389054925460583,
          0.9392548357316497,
          0.9296851104974083
        ],
        [
          0.9396225568692971,
          0.9408525227151727,
          0.9400720567129451,
          0.9263731416698051,
          0.9492573190527953,
          0.9412912485158484,
          0.9485515658043269,
          0.0,
          0.9399708350439627,
          0.9402578282541129,
          0.9413557961086101,
          0.940078858338682,
          0.9347716527764272,
          0.9398432215931962,
          0.9404290600002031,
          0.9359556967722904,
          0.9400639217838342,
          0.9399603941474762,
          0.9400341563717449,
          0.9402511184028628,
          1.0039099915059584,
          1.5241800937228753,
          0.9426348868147687,
          1.0565069340061797,
          1.0218736184654924,
          0.9313836054966795,
          1.2308924401085257,
          0.9388413869226278,
          0.9400821175308686,
          0.9402648098270631,
          0.9308282746214928
        ],
        [
          0.9375606634546473,
          0.9382776511460561,
          0.9391892712530691,
          1.3595365937287442,
          0.9393192641554486,
          0.9398705517701755,
          0.9391797190809981,
          0.9399708350439627,
          0.0,
          0.9391769857137257,
          0.9400369051079355,
          0.9389651883068255,
          0.9345098504181356,
          0.9390167506192875,
          0.9390702741843425,
          0.9353563792508125,
          0.9391538491772904,
          0.9391522184767697,
          0.9391929890812399,
          0.9391693535196185,
          0.9291707176068111,
          0.9309089135347154,
          0.9393231467777305,
          0.939836390660347,
          0.9299850189132688,
          0.9305396931173601,
          0.939951129053364,
          0.9380274764194058,
          0.9389321449439875,
          0.9391814767569024,
          0.930070672043064
        ],
        [
          0.9374107887843535,
          0.938206718175226,
          0.9391744790711504,
          0.9042035585549211,
          0.9393809723405331,
          0.9401127967337349,
          0.9392485190505779,
          0.9402578282541129,
          0.9391769857137257,
          0.0,
          0.9401692518982384,
          0.9389310275430014,
          0.9339690011834855,
          0.9389867917929057,
          0.9390470046510877,
          0.9349702827452776,
          0.9391355035808608,
          0.9391332006592915,
          0.9391778677633212,
          0.939152694023752,
          0.9285118333041725,
          1.3859496920560783,
          0.9393685082010499,
          0.940068485860785,
          0.9376254580693424,
          0.9298124044065579,
          0.9402099180535779,
          0.9378527872545982,
          0.9388952287763407,
          0.9391662903921786,
          0.929307252446503
        ],
        [
          0.9382890710114479,
          0.9407445544480401,
          0.9400606775775635,
          0.9828710529038427,
          0.9408689734526343,
          0.9483279318796831,
          0.9405327068697326,
          0.9413557961086101,
          0.9400369051079355,
          0.9401692518982384,
          0.0,
          0.9396619718424349,
          0.9349615017399772,
          0.9397033174173265,
          0.9403910654852411,
          0.9364420238704725,
          0.9398446851702507,
          0.9398522516698214,
          0.9398901292279527,
          0.9401668213056139,
          0.9314130436690864,
          1.3897795032579996,
          0.9401532129440834,
          0.9409464176945878,
          0.9362104103369496,
          0.9385858374615962,
          0.9413853366525021,
          0.9393315397157463,
          0.9396140289676168,
          0.9401801478613819,
          0.9318115781271968
        ],
        [
          0.9373557641700492,
          0.9379853706233464,
          0.9389996467269113,
          0.9047032711612142,
          0.9390980878788323,
          0.9394756599833413,
          0.9389716050251494,
          0.940078858338682,
          0.9389651883068255,
          0.9389310275430014,
          0.9396619718424349,
          0.0,
          0.9337653370593737,
          0.9387574120328172,
          0.9388164747015667,
          0.934941765551744,
          0.9389527234364963,
          0.9388984789981096,
          0.9389481693006848,
          0.938922616750558,
          1.6635570415054868,
          0.9298938576578071,
          0.9390882562114639,
          0.9399086994496787,
          1.3987417333266967,
          0.9294577172468979,
          0.9400323301648059,
          0.93778077662621,
          0.9386974841550809,
          0.9389358014317352,
          1.129440169122105
        ],
        [
          0.932528919539509,
          0.9332589661572633,
          0.9345400149455053,
          1.3396008517670777,
          0.9341550918104999,
          0.9347075461037282,
          0.9341064076158825,
          0.9347716527764272,
          0.9345098504181356,
          0.9339690011834855,
          0.9349615017399772,
          0.9337653370593737,
          0.0,
          0.9337412894462995,
          0.9339216987897773,
          0.9327041419125718,
          0.9339001894160925,
          0.9337809246765627,
          0.9339300520080114,
          0.933961906170382,
          0.9330415583937487,
          0.9266474380567628,
          0.933925156924248,
          0.9346081709032088,
          0.9272818891041168,
          0.9283614295215796,
          0.9347706440859465,
          0.9345149746473993,
          0.9337294628740019,
          0.9339750828182612,
          0.9281737758118306
        ],
        [
          0.9372534494058135,
          0.9380219369187736,
          0.9390199959798077,
          0.9027524402478272,
          0.9391538217419896,
          0.9395036333236665,
          0.9390242966312732,
          0.9398432215931962,
          0.9390167506192875,
          0.9389867917929057,
          0.9397033174173265,
          0.9387574120328172,
          0.9337412894462995,
          0.0,
          0.9388699780043331,
          0.9348293342129663,
          0.9389744197250114,
          0.9389552879834733,
          0.939004741414366,
          0.9389782773393485,
          0.9281274500305258,
          0.9293358816236362,
          0.9391472599899104,
          0.9396631030579866,
          1.3934147439068167,
          0.9292967533798588,
          0.9397943169621825,
          0.9377245716754778,
          0.9387194228214408,
          0.9389916057388928,
          0.9290668444812633
        ],
        [
          0.9373192479031235,
          0.9381488431365831,
          0.9390682253273954,
          0.9055839751106255,
          0.939338671230155,
          0.9405174604135998,
          0.9392243551439796,
          0.9404290600002031,
          0.9390702741843425,
          0.9390470046510877,
          0.9403910654852411,
          0.9388164747015667,
          0.9339216987897773,
          0.9388699780043331,
          0.0,
          0.9349601831619602,
          0.939017093169308,
          0.9390123661937353,
          0.9390588872239033,
          0.939039522016902,
          0.9288859350084601,
          1.8604325349876993,
          0.939295942569526,
          0.9401992512564596,
          0.9294743877901849,
          0.9301827189904862,
          0.9403631153968904,
          0.9377850142022361,
          0.9387812061763506,
          0.9390536747242473,
          0.929398625887099
        ],
        [
          0.9343109659122337,
          0.9347193667157417,
          0.9360749878313682,
          3.5441775801442392,
          0.9351528819359953,
          0.936710766161206,
          0.935226387974331,
          0.9359556967722904,
          0.9353563792508125,
          0.9349702827452776,
          0.9364420238704725,
          0.934941765551744,
          0.9327041419125718,
          0.9348293342129663,
          0.9349601831619602,
          0.0,
          0.9349780663647685,
          1.4028555611571205,
          0.9349425271896122,
          0.9349656454164428,
          1.4013188242517407,
          0.9352862904911542,
          0.934932085466057,
          0.9357240437328921,
          3.0505293731491294,
          2.1390120138619033,
          0.9358773951843261,
          3.3756547647754553,
          0.9348113779772519,
          0.9349738426878466,
          3.7377537240518564
        ],
        [
          0.9543114645610583,
          0.9381987086080454,
          0.9391697058248203,
          0.9035128339421687,
          0.9392981621718136,
          0.9396445090581501,
          0.9391779512338263,
          0.9400639217838342,
          0.9391538491772904,
          0.9391355035808608,
          0.9398446851702507,
          0.9389527234364963,
          0.9339001894160925,
          0.9389744197250114,
          0.939017093169308,
          0.9349780663647685,
          0.0,
          0.9391086691305627,
          0.9391669175081896,
          0.939126816540838,
          1.1548480635739746,
          0.9296729987811929,
          0.9392985105391822,
          0.9398966933316997,
          1.1569589438408308,
          0.9294476171642898,
          0.9400206459343339,
          0.9379014404256595,
          0.9388942409423424,
          0.9391400890283352,
          0.9292238738577571
        ],
        [
          0.9373275326540764,
          0.9381206540979493,
          0.939149630715785,
          0.9023411601438394,
          0.9392896927808139,
          0.939642619224887,
          0.9391357650515192,
          0.9399603941474762,
          0.9391522184767697,
          0.9391332006592915,
          0.9398522516698214,
          0.9388984789981096,
          0.9337809246765627,
          0.9389552879834733,
          0.9390123661937353,
          1.4028555611571205,
          0.9391086691305627,
          0.0,
          0.9391525031378933,
          0.9391246349006985,
          0.9278766084927763,
          0.9291158334205317,
          0.9392969384833896,
          0.9398106516955105,
          0.9288679132829267,
          0.929208338503248,
          0.9399375823777196,
          0.9378969689072268,
          0.9388610539861639,
          0.9391382000733326,
          0.9306511425997746
        ],
        [
          0.9374324653420016,
          0.9382030599356858,
          0.9391955738913269,
          0.9029422482970365,
          0.9393432436532184,
          0.9396936764476187,
          0.9392089789621794,
          0.9400341563717449,
          0.9391929890812399,
          0.9391778677633212,
          0.9398901292279527,
          0.9389481693006848,
          0.9339300520080114,
          0.939004741414366,
          0.9390588872239033,
          0.9349425271896122,
          0.9391669175081896,
          0.9391525031378933,
          0.0,
          0.9391693430153447,
          0.9281689997331215,
          0.9294830948857153,
          0.9393452786381596,
          0.9398555265728783,
          1.39363949145671,
          0.929425765078136,
          0.9399848808685869,
          0.9378694417986407,
          0.9389109640111606,
          0.9391826338714528,
          0.9291865211614585
        ],
        [
          0.9374018588971462,
          0.9384457909871642,
          0.9391667514454444,
          0.9042183713749485,
          0.939374022325478,
          0.940112870952647,
          0.939241231277338,
          0.9402511184028628,
          0.9391693535196185,
          0.939152694023752,
          0.9401668213056139,
          0.938922616750558,
          0.933961906170382,
          0.9389782773393485,
          0.939039522016902,
          0.9349656454164428,
          0.939126816540838,
          0.9391246349006985,
          0.9391693430153447,
          0.0,
          0.9285106415644571,
          1.394532779866578,
          0.9393606495167457,
          0.9400635817718134,
          0.9292764522923166,
          0.9298142601123098,
          0.9402056539338893,
          0.9378459467917596,
          0.9388869613564873,
          0.9391582994018247,
          0.9293043689555067
        ],
        [
          3.7948983746165794,
          0.930202583291247,
          1.1881706020234961,
          7.556559896235793,
          0.9292146245926872,
          0.9316874843348248,
          0.9293583572808758,
          1.0039099915059584,
          0.9291707176068111,
          0.9285118333041725,
          0.9314130436690864,
          1.6635570415054868,
          0.9330415583937487,
          0.9281274500305258,
          0.9288859350084601,
          1.4013188242517407,
          1.1548480635739746,
          0.9278766084927763,
          0.9281689997331215,
          0.9285106415644571,
          0.0,
          1.4966588548955817,
          0.9279995875184988,
          1.0182476428711005,
          8.414707530361706,
          2.137255699787036,
          1.006289750975845,
          1.3142174584975628,
          1.856107630376819,
          0.9285171316168465,
          2.870167616283159
        ],
        [
          0.9364614501327725,
          3.356709828436798,
          0.9312428238741418,
          1.4137824029599193,
          2.1208768432775975,
          1.2550339376950612,
          1.7014444679096379,
          1.5241800937228753,
          0.9309089135347154,
          1.3859496920560783,
          1.3897795032579996,
          0.9298938576578071,
          0.9266474380567628,
          0.9293358816236362,
          1.8604325349876993,
          0.9352862904911542,
          0.9296729987811929,
          0.9291158334205317,
          0.9294830948857153,
          1.394532779866578,
          1.4966588548955817,
          0.0,
          1.025809963986264,
          1.1563823649834188,
          6.587961486196927,
          1.291929033736981,
          1.6171318731493074,
          0.9353381482304906,
          0.9297763514308592,
          1.3949303797799433,
          1.0313184932892048
        ],
        [
          0.9375413350905212,
          0.93876710248372,
          0.9393210771960113,
          0.9023867312029719,
          1.1021174514630712,
          0.9399658890515104,
          1.25531651963638,
          0.9426348868147687,
          0.9393231467777305,
          0.9393685082010499,
          0.9401532129440834,
          0.9390882562114639,
          0.933925156924248,
          0.9391472599899104,
          0.939295942569526,
          0.934932085466057,
          0.9392985105391822,
          0.9392969384833896,
          0.9393452786381596,
          0.9393606495167457,
          0.9279995875184988,
          1.025809963986264,
          0.0,
          0.9400876459108274,
          0.9347384522470872,
          0.9293527159664208,
          0.9402712613344034,
          0.9379089614186985,
          0.9390457094272817,
          0.9393743510357216,
          0.9290204827479472
        ],
        [
          0.9393145910259344,
          0.9401446662157282,
          0.9399330561921986,
          0.9287548224880411,
          0.9406473869343611,
          0.9407793229060628,
          0.9403509732817028,
          1.0565069340061797,
          0.939836390660347,
          0.940068485860785,
          0.9409464176945878,
          0.9399086994496787,
          0.9346081709032088,
          0.9396631030579866,
          0.9401992512564596,
          0.9357240437328921,
          0.9398966933316997,
          0.9398106516955105,
          0.9398555265728783,
          0.9400635817718134,
          1.0182476428711005,
          1.1563823649834188,
          0.9400876459108274,
          0.0,
          0.9424696540304779,
          0.9310556610182529,
          1.0614285313496696,
          0.9386886811688919,
          0.9399463619918534,
          0.9400769952244218,
          0.930706374880908
        ],
        [
          3.4251541144110416,
          2.572098281108604,
          1.0768501947976976,
          3.732012757362085,
          0.9800316560998983,
          0.938299878676287,
          1.8731622870251385,
          1.0218736184654924,
          0.9299850189132688,
          0.9376254580693424,
          0.9362104103369496,
          1.3987417333266967,
          0.9272818891041168,
          1.3934147439068167,
          0.9294743877901849,
          3.0505293731491294,
          1.1569589438408308,
          0.9288679132829267,
          1.39363949145671,
          0.9292764522923166,
          8.414707530361706,
          6.587961486196927,
          0.9347384522470872,
          0.9424696540304779,
          0.0,
          0.9375552207794787,
          0.9402283257850902,
          3.656536125492918,
          0.929104409710278,
          0.9292953405635416,
          1.2195720355278106
        ],
        [
          0.9290865682241161,
          0.9310669890283778,
          0.9306840896639501,
          4.976019228956888,
          0.9304795449009114,
          0.9644586092559874,
          0.9304040138703044,
          0.9313836054966795,
          0.9305396931173601,
          0.9298124044065579,
          0.9385858374615962,
          0.9294577172468979,
          0.9283614295215796,
          0.9292967533798588,
          0.9301827189904862,
          2.1390120138619033,
          0.9294476171642898,
          0.929208338503248,
          0.929425765078136,
          0.9298142601123098,
          2.137255699787036,
          1.291929033736981,
          0.9293527159664208,
          0.9310556610182529,
          0.9375552207794787,
          0.0,
          0.931468815238114,
          1.6854954664049338,
          0.9293992209986701,
          0.9298237394685472,
          0.9338411242606033
        ],
        [
          0.939436045543812,
          0.9404096333732517,
          0.9400457934825228,
          0.9270985033151445,
          0.940899297937171,
          0.9413627230253314,
          0.9406058365711953,
          1.2308924401085257,
          0.939951129053364,
          0.9402099180535779,
          0.9413853366525021,
          0.9400323301648059,
          0.9347706440859465,
          0.9397943169621825,
          0.9403631153968904,
          0.9358773951843261,
          0.9400206459343339,
          0.9399375823777196,
          0.9399848808685869,
          0.9402056539338893,
          1.006289750975845,
          1.6171318731493074,
          0.9402712613344034,
          1.0614285313496696,
          0.9402283257850902,
          0.931468815238114,
          0.0,
          0.9387622016105309,
          0.9400631884808787,
          0.9402194492830113,
          0.9308424230196847
        ],
        [
          0.9369755010822363,
          0.9373144104589407,
          0.9865392333822112,
          2.4425392730657665,
          0.9380066821900805,
          0.9395436875736476,
          0.9379826356339005,
          0.9388413869226278,
          0.9380274764194058,
          0.9378527872545982,
          0.9393315397157463,
          0.93778077662621,
          0.9345149746473993,
          0.9377245716754778,
          0.9377850142022361,
          3.3756547647754553,
          0.9379014404256595,
          0.9378969689072268,
          0.9378694417986407,
          0.9378459467917596,
          1.3142174584975628,
          0.9353381482304906,
          0.9379089614186985,
          0.9386886811688919,
          3.656536125492918,
          1.6854954664049338,
          0.9387622016105309,
          0.0,
          0.9376701779529919,
          0.9378561684106492,
          1.2463284966327475
        ],
        [
          0.9374370358253604,
          0.9379241663032603,
          0.938956853362354,
          0.9032709202161883,
          0.9390499740781968,
          0.939415733537955,
          0.9389054925460583,
          0.9400821175308686,
          0.9389321449439875,
          0.9388952287763407,
          0.9396140289676168,
          0.9386974841550809,
          0.9337294628740019,
          0.9387194228214408,
          0.9387812061763506,
          0.9348113779772519,
          0.9388942409423424,
          0.9388610539861639,
          0.9389109640111606,
          0.9388869613564873,
          1.856107630376819,
          0.9297763514308592,
          0.9390457094272817,
          0.9399463619918534,
          0.929104409710278,
          0.9293992209986701,
          0.9400631884808787,
          0.9376701779529919,
          0.0,
          0.9389001471934836,
          0.929169107877285
        ],
        [
          0.9374148512891459,
          0.9382165534630144,
          0.9391788402132941,
          0.9042344076798031,
          0.9393885206915518,
          0.9401263522062068,
          0.9392548357316497,
          0.9402648098270631,
          0.9391814767569024,
          0.9391662903921786,
          0.9401801478613819,
          0.9389358014317352,
          0.9339750828182612,
          0.9389916057388928,
          0.9390536747242473,
          0.9349738426878466,
          0.9391400890283352,
          0.9391382000733326,
          0.9391826338714528,
          0.9391582994018247,
          0.9285171316168465,
          1.3949303797799433,
          0.9393743510357216,
          0.9400769952244218,
          0.9292953405635416,
          0.9298237394685472,
          0.9402194492830113,
          0.9378561684106492,
          0.9389001471934836,
          0.0,
          0.9293130886768972
        ],
        [
          0.9290626399299081,
          0.9295078864505442,
          0.9302065704312709,
          6.025388841985191,
          0.9295527667277901,
          0.9319398470709119,
          0.9296851104974083,
          0.9308282746214928,
          0.930070672043064,
          0.929307252446503,
          0.9318115781271968,
          1.129440169122105,
          0.9281737758118306,
          0.9290668444812633,
          0.929398625887099,
          3.7377537240518564,
          0.9292238738577571,
          0.9306511425997746,
          0.9291865211614585,
          0.9293043689555067,
          2.870167616283159,
          1.0313184932892048,
          0.9290204827479472,
          0.930706374880908,
          1.2195720355278106,
          0.9338411242606033,
          0.9308424230196847,
          1.2463284966327475,
          0.929169107877285,
          0.9293130886768972,
          0.0
        ]
      ]
    },
    "region": {
      "rate": 15.690929489370292,
      "alphabet": [
        "china",
        "europe",
        "japan korea",
        "south asia",
        "southeast asia",
        "west asia",
        "?"
      ],
      "equilibrium_probabilities": [
        0.22253626621167727,
        0.14511213541668935,
        0.11390936340005982,
        0.22458661741499744,
        0.1917566832600572,
        0.10209893429651894
      ],
      "transition_matrix": [
        [
          0.0,
          0.3776395971970951,
          3.583340273458902,
          0.24587184344704208,
          2.1500045752963,
          3.6434274012320245
        ],
        [
          0.3776395971970951,
          0.0,
          0.4121729602815721,
          0.280487392200222,
          0.4261762977879508,
          3.2396636014309954
        ],
        [
          3.583340273458902,
          0.4121729602815721,
          0.0,
          0.28408059989740747,
          1.1066074748134025,
          1.2607227283925444
        ],
        [
          0.24587184344704208,
          0.280487392200222,
          0.28408059989740747,
          0.0,
          0.30569372925355287,
          2.2053582946818957
        ],
        [
          2.1500045752963,
          0.4261762977879508,
          1.1066074748134025,
          0.30569372925355287,
          0.0,
          1.2518111662246318
        ],
        [
          3.6434274012320245,
          3.2396636014309954,
          1.2607227283925444,
          2.2053582946818957,
          1.2518111662246318,
          0.0
        ]
      ]
    },
    "subtype": {
      "rate": 9.588753283757102,
      "alphabet": [
        "H3",
        "H3N1",
        "H3N2",
        "H3N3",
        "H3N4",
        "H3N5",
        "H3N6",
        "H3N8",
        "H3N9",
        "?"
      ],
      "equilibrium_probabilities": [
        0.1407014695699181,
        0.10462879138538997,
        0.08382087314576223,
        0.12543713010102137,
        0.13279199107977538,
        0.13281853092281926,
        0.08745819112931204,
        0.043656792443677005,
        0.1486862302223247
      ],
      "transition_matrix": [
        [
          0.0,
          0.6157429866476485,
          0.8762307836223574,
          0.6097481673809807,
          0.6127999539626002,
          0.6125525782938344,
          1.1929312953981213,
          1.3951187722067782,
          0.6127280055535869
        ],
        [
          0.6157429866476485,
          0.0,
          0.8566477063306014,
          0.825804665886286,
          0.611128417472863,
          0.6109452686807975,
          0.5974716819393283,
          4.125938655913106,
          0.6108844348005164
        ],
        [
          0.8762307836223574,
          0.8566477063306014,
          0.0,
          1.6423546411228713,
          0.535232590166576,
          0.5350871768648897,
          5.40131191405572,
          19.313792216023952,
          0.7694414199889088
        ],
        [
          0.6097481673809807,
          0.825804665886286,
          1.6423546411228713,
          0.0,
          0.6111947153028149,
          0.6109747386237532,
          1.2343404088665346,
          2.3505243293271,
          0.6110751286198427
        ],
        [
          0.6127999539626002,
          0.611128417472863,
          0.535232590166576,
          0.6111947153028149,
          0.0,
          0.6143664976140432,
          0.5885760473592311,
          0.9803242965152734,
          0.6146741291270249
        ],
        [
          0.6125525782938344,
          0.6109452686807975,
          0.5350871768648897,
          0.6109747386237532,
          0.6143664976140432,
          0.0,
          0.5873383236554924,
          0.9812673384023558,
          0.6144116483150229
        ],
        [
          1.1929312953981213,
          0.5974716819393283,
          5.40131191405572,
          1.2343404088665346,
          0.5885760473592311,
          0.5873383236554924,
          0.0,
          16.626322065926644,
          0.5875851735180904
        ],
        [
          1.3951187722067782,
          4.125938655913106,
          19.313792216023952,
          2.3505243293271,
          0.9803242965152734,
          0.9812673384023558,
          16.626322065926644,
          0.0,
          0.501076267865669
        ],
        [
          0.6127280055535869,
          0.6108844348005164,
          0.7694414199889088,
          0.6110751286198427,
          0.6146741291270249,
          0.6144116483150229,
          0.5875851735180904,
          0.501076267865669,
          0.0
        ]
      ]
    },
    "broad": {
      "rate": 7.954100950621569,
      "alphabet": [
        "avian",
        "chicken",
        "coot",
        "duck",
        "goose",
        "gull",
        "pheasant",
        "pigeon",
        "swan",
        "wader",
        "waterfowl",
        "?"
      ],
      "equilibrium_probabilities": [
        0.045481424229298864,
        0.0319052504865682,
        0.09207030188011579,
        0.16956460433897486,
        0.04823702816399658,
        0.14251380138131575,
        0.10641081744975081,
        0.11825827668567114,
        0.07661323857232569,
        0.0669854355711859,
        0.1019598212407964
      ],
      "transition_matrix": [
        [
          0.0,
          0.6933679169174005,
          0.6947392867736123,
          5.706084534299124,
          0.6966140052504093,
          0.6926919174954405,
          0.694147490517589,
          0.6941093223032021,
          0.7325447755606538,
          0.6950963415294112,
          0.8520838899441259
        ],
        [
          0.6933679169174005,
          0.0,
          0.6771809715262134,
          12.98925079165534,
          0.8573651690765702,
          0.6658654354000672,
          0.673909343408726,
          1.5328640932399684,
          0.6822026532490708,
          0.6827942736258102,
          0.6749367125397849
        ],
        [
          0.6947392867736123,
          0.6771809715262134,
          0.0,
          1.0960197778374607,
          0.6949888180336025,
          0.6981179816012936,
          0.6981898259555629,
          0.6979560668585278,
          0.697779533922714,
          0.6965997229203156,
          0.6977238862032051
        ],
        [
          5.706084534299124,
          12.98925079165534,
          1.0960197778374607,
          0.0,
          4.6408440267295,
          0.4931071992655741,
          0.7925178592011525,
          0.9565259024934022,
          1.6875257909857844,
          2.323106398499219,
          0.9525875317125353
        ],
        [
          0.6966140052504093,
          0.8573651690765702,
          0.6949888180336025,
          4.6408440267295,
          0.0,
          1.0329527317371268,
          0.6944150924758583,
          1.0493316649615139,
          0.695487879339636,
          0.6953391113202515,
          0.6944528962919941
        ],
        [
          0.6926919174954405,
          0.6658654354000672,
          0.6981179816012936,
          0.4931071992655741,
          1.0329527317371268,
          0.0,
          0.6981677411416719,
          0.6977184895978632,
          0.6975081267400173,
          0.6956892594218208,
          0.6974038057257533
        ],
        [
          0.694147490517589,
          0.673909343408726,
          0.6981898259555629,
          0.7925178592011525,
          0.6944150924758583,
          0.6981677411416719,
          0.0,
          0.6979240230924227,
          0.6977331707149752,
          0.6963660192009326,
          0.6976745649923334
        ],
        [
          0.6941093223032021,
          1.5328640932399684,
          0.6979560668585278,
          0.9565259024934022,
          1.0493316649615139,
          0.6977184895978632,
          0.6979240230924227,
          0.0,
          0.6975592344622583,
          0.6961277289221027,
          0.6973552023640438
        ],
        [
          0.7325447755606538,
          0.6822026532490708,
          0.697779533922714,
          1.6875257909857844,
          0.695487879339636,
          0.6975081267400173,
          0.6977331707149752,
          0.6975592344622583,
          0.0,
          0.6966052024946066,
          0.6974017248800661
        ],
        [
          0.6950963415294112,
          0.6827942736258102,
          0.6965997229203156,
          2.323106398499219,
          0.6953391113202515,
          0.6956892594218208,
          0.6963660192009326,
          0.6961277289221027,
          0.6966052024946066,
          0.0,
          0.6961467398742028
        ],
        [
          0.8520838899441259,
          0.6749367125397849,
          0.6977238862032051,
          0.9525875317125353,
          0.6944528962919941,
          0.6974038057257533,
          0.6976745649923334,
          0.6973552023640438,
          0.6974017248800661,
          0.6961467398742028,
          0.0
        ]
      ]
    },
    "order": {
      "rate": 10.477152750187889,
      "alphabet": [
        "anseriformes",
        "avian",
        "charadriiformes",
        "galliformes",
        "neoave",
        "?"
      ],
      "equilibrium_probabilities": [
        0.45333089477986765,
        0.11829914571552391,
        0.14411629810480944,
        0.09960458971855006,
        0.18464907168124903
      ],
      "transition_matrix": [
        [
          0.0,
