{
  "models": {
    "country": {
      "rate": 19.580129931996023,
      "alphabet": [
        "Bangladesh",
        "Belgium",
        "Cambodia",
        "China",
        "Czech Republic",
        "France",
        "Georgia",
        "Germany",
        "Hong Kong",
        "Hungary",
        "Iceland",
        "India",
        "Indonesia",
        "Iran",
        "Italy",
        "Japan",
        "Kazakhstan",
        "Laos",
        "Luxembourg",
        "Malaysia",
        "Mongolia",
        "Netherlands",
        "Norway",
        "Pakistan",
        "Russia",
        "South Korea",
        "Sweden",
        "Taiwan",
        "Thailand",
        "Ukraine",
        "Vietnam",
        "?"
      ],
      "equilibrium_probabilities": [
        0.03476484564116746,
        0.03435709969092662,
        0.03297121819368297,
        0.029134770018031855,
        0.03555446601903868,
        0.035676618951487715,
        0.03482679488982636,
        0.03594697001518232,
        0.033052739140002924,
        0.035836271130657106,
        0.03511276366595422,
        0.03602560151381158,
        0.03445613148962303,
        0.0363099845417074,
        0.035411320037466616,
        0.021121977596820326,
        0.03618008092287554,
        0.036994376987991295,
        0.036260342683876796,
        0.03583728280926204,
        0.012752778078681056,
        0.02821918249168494,
        0.03716132435931627,
        0.03617130975041178,
        0.020335056448592004,
        0.021356673214592208,
        0.03583262521293003,
        0.030485912864030712,
        0.035864932385271914,
        0.0358321997915654,
        0.02015634946353086
      ],
      "transition_matrix": [
        [
          0.0,
          0.9393192719372191,
          0.9402794798888126,
          0.9077992323731457,
          0.9401679624598902,
          0.9407207567833141,
          0.9403464767345876,
          0.9421382324032903,
          0.9400739516727754,
          0.9399229897715542,
          0.9408245827369657,
          0.9397291730217138,
          0.9350605684114841,
          0.9397653395581642,
          0.9398320946062201,
          0.9372117979998867,
          0.9558891284695791,
          0.9398397127779881,
          0.939945087488003,
          0.9399150189299461,
          3.8551108871387925,
          0.9388838154488658,
          0.9400516067554577,
          0.9418265850491851,
          3.370434961964,
          0.9316506007779006,
          0.9419499140272211,
          0.9399517458048442,
          0.9399915423871582,
          0.9399299542860273,
          0.9313259258900837
        ],
        [
          0.9393192719372191,
          0.0,
          0.9407825843487723,
          0.9120265500829119,
          0.9465726938081114,
          0.9439295647582772,
          1.1214960896338075,
          0.9432041007630321,
          0.9407596807879401,
          0.9406831385006403,
          0.9431582685746117,
          0.940443484445192,
          0.9357534851321067,
          0.940517293284384,
          0.9406271162255669,
          0.9374308687343789,
          0.9406840260000756,
          0.9405987454072335,
          0.9406987428681474,
          0.9409216803387868,
          0.9327134270868982,
          3.2354669699628396,
          0.9411574044577941,
          0.9425335658488977,
          2.543993196918992,
          0.9335037078463604,
          0.9427943822229988,
          0.9401498408919601,
          0.9404045207529745,
          0.9406989212186445,
          0.9318109132433997
        ],
        [
          0.9402794798888126,
          0.9407825843487723,
          0.0,
          1.3721433227742148,
          0.9418254758190203,
          0.9424165288815637,
          0.941753539058421,
          0.9425866677784186,
          0.9416933296076899,
          0.9416779623623799,
          0.9425815357484612,
          0.9414601467054415,
          0.9370439085296269,
          0.9415241819647996,
          0.9415716985935727,
          0.9384261555404639,
          0.9416726517422003,
          0.9416523017721857,
          0.9417001904779946,
          0.9416704319476235,
          1.1956726063625698,
          0.93372139890112,
          0.941826939887907,
          0.942442837955719,
          1.1125463581166908,
          0.9331613243353157,
          0.9425580269360339,
          0.9633210596426499,
          0.94145316052332,
          0.9416829738666634,
          0.9324987795509572
        ],
        [
          0.9077992323731457,
          0.9120265500829119,
          1.3721433227742148,
          0.0,
          0.9086535924109669,
          0.9749661444701868,
          0.9089385620081111,
          0.9253057651735441,
          1.3629685590035494,
          0.9064898297274312,
          0.9867387142544743,
          0.905497358272771,
          1.3373759903875253,
          0.9050239268687998,
          0.9078428434843503,
          3.283573968458016,
          0.9057951871370779,
          0.9045998905468984,
          0.9052102939811344,
          0.9064845430526006,
          7.758631782030661,
          1.410305146217612,
          0.904647138097599,
          0.9269851694066616,
          4.016294257164903,
          5.413901430781692,
          0.9259089179314645,
          2.1018564319197885,
          0.9055863411650311,
          0.9065066513624194,
          6.06430065339122
        ],
        [
          0.9401679624598902,
          0.9465726938081114,
          0.9418254758190203,
          0.9086535924109669,
          0.0,
          0.9436137760522179,
          1.2693168963708303,
          0.9517386078345288,
          0.9418301066668907,
          0.9418931321374754,
          0.9434324710224444,
          0.9415790940674434,
          0.9366710450952851,
          0.941662907588908,
          0.9418510635947367,
          0.9377932130307746,
          0.9418064388728334,
          0.9417994467506593,
          0.9418527043272208,
          0.9418858630651746,
          0.9317023787510138,
          2.1333595988193865,
          1.1047263705020323,
          0.9431669793403656,
          0.972971188771185,
          0.9330210455844931,
          0.94342366510051,
          0.9409100989171411,
          0.9415597830955763,
          0.9419017721875963,
          0.9318700907513667
        ],
        [
          0.9407207567833141,
          0.9439295647582772,
          0.9424165288815637,
          0.9749661444701868,
          0.9436137760522179,
          0.0,
          0.9432487259382395,
          0.9438242933081882,
          0.9424012342679295,
          0.942653241825958,
          0.9509013358251345,
          0.9419730840960948,
          0.937244111552396,
          0.9420310140370814,
          0.9430544008779363,
          0.9393516398425636,
          0.9421707010401243,
          0.9421682553803211,
          0.9422213842019809,
          0.9426455421119344,
          0.9341860758825787,
          1.2513289612591605,
          0.9424988005098663,
          0.9433031283545833,
          0.9408977778178527,
          0.9708849677854973,
          0.9438924342382412,
          0.9422423564230873,
          0.9419406401885315,
          0.9426596679191253,
          0.9342782441495019
        ],
        [
          0.9403464767345876,
          1.1214960896338075,
          0.941753539058421,
          0.9089385620081111,
          1.2693168963708303,
          0.9432487259382395,
          0.0,
          0.9510002479228157,
          0.9417372155438845,
          0.9418111115828549,
          0.9431501480174241,
          0.9415205918919154,
          0.9366818713850747,
          0.9416027457012356,
          0.941787946514694,
          0.9379545281723795,
          0.941743562417496,
          0.9416971932672267,
          0.9417875093665266,
          0.9418038451997374,
          0.9320202046261713,
          1.8115965146271176,
          1.256659185815627,
          0.9429201442500191,
          1.734016592135118,
          0.9329978429165573,
          0.9431790314240224,
          0.9410257919546546,
          0.9414659910307414,
          0.9418190505103862,
          0.9320611812038266
        ],
        [
          0.9421382324032903,
          0.9432041007630321,
          0.9425866677784186,
          0.9253057651735441,
          0.9517386078345288,
          0.9438242933081882,
          0.9510002479228157,
          0.0,
          0.9424750709725963,
          0.9427734030085013,
          0.9438974276163976,
          0.9424637559853781,
          0.9372744012241927,
          0.9423507568518283,
          0.9429448116858531,
          0.9385508407741343,
          0.9425742760336688,
          0.9424686043318029,
          0.9425421889096179,
          0.942764722033216,
          1.0092976188656813,
          1.5348490563162045,
          0.9451381936833415,
          1.058831577393811,
          1.0190266793745333,
          0.9337922456949492,
          1.2325387048470475,
          0.9419403751617277,
          0.9426011537302288,
          0.9427793238050068,
          0.9331710235497986
        ],
        [
          0.9400739516727754,
          0.9407596807879401,
          0.9416933296076899,
          1.3629685590035494,
          0.9418301066668907,
          0.9424012342679295,
          0.9417372155438845,
          0.9424750709725963,
          0.0,
          0.9416873459197032,
          0.9425743369183398,
          0.9414491409494429,
          0.9370270160095238,
          0.9415267623848915,
          0.9415805471531519,
          0.9380161972135047,
          0.941663170564641,
          0.9416619751187234,
          0.941703356078722,
          0.9416797972460275,
          0.9316548566910339,
          0.9333882174224462,
          0.9418350592587096,
          0.9423389805281082,
          0.9325975572493059,
          0.9330725873087219,
          0.9424548925108621,
          0.940868205834099,
          0.9414419970288962,
          0.9416922843736382,
          0.9323991916860122
        ],
        [
          0.9399229897715542,
          0.9406831385006403,
          0.9416779623623799,
          0.9064898297274312,
          0.9418931321374754,
          0.942653241825958,
          0.9418111115828549,
          0.9427734030085013,
          0.9416873459197032,
          0.0,
          0.9427165285742355,
          0.9414125905277864,
          0.936483822416655,
          0.9414965243417986,
          0.9415569494345325,
          0.9376272497871356,
          0.9416443097724495,
          0.9416427853836457,
          0.9416879955553544,
          0.9416629651150481,
          0.9309916349194733,
          1.3973542265296748,
          0.9418819916724638,
          0.9425821980516325,
          0.9324986628135488,
          0.9323616563161558,
          0.942726272801487,
          0.9407277757701704,
          0.9414049150129472,
          0.9416772941199817,
          0.9316180588545241
        ],
        [
          0.9408245827369657,
          0.9431582685746117,
          0.9425815357484612,
          0.9867387142544743,
          0.9434324710224444,
          0.9509013358251345,
          0.9431501480174241,
          0.9438974276163976,
          0.9425743369183398,
          0.9427165285742355,
          0.0,
          0.9421664014289396,
          0.937505229223408,
          0.9422358742720132,
          0.9429420273416714,
          0.9391068019247896,
          0.942375960586192,
          0.9423838136623195,
          0.9424230156927572,
          0.9427090325073801,
          0.9339211376238866,
          1.3911491287979605,
          0.9426919734665231,
          0.9434761495780953,
          0.938932435712129,
          0.9420708458912693,
          0.9439255322213653,
          0.9421361006826968,
          0.9421445807826999,
          0.9427230034051599,
          0.9341707185219446
        ],
        [
          0.9397291730217138,
          0.940443484445192,
          0.9414601467054415,
          0.905497358272771,
          0.9415790940674434,
          0.9419730840960948,
          0.9415205918919154,
          0.9424637559853781,
          0.9414491409494429,
          0.9414125905277864,
          0.9421664014289396,
          0.0,
          0.9362324024352893,
          0.9412368445546044,
          0.9412978613825078,
          0.938011049255182,
          0.9414151596350406,
          0.9413788867120204,
          0.9414288344470946,
          0.9414043470101122,
          1.3972908643858788,
          0.9321658954880288,
          0.9415700319494762,
          0.9422873264290648,
          1.3987854146097274,
          0.931908222298578,
          0.9424160356320007,
          0.9406224338872118,
          0.9411481976470883,
          0.9414182534240675,
          1.3956403204931989
        ],
        [
          0.9350605684114841,
          0.9357534851321067,
          0.9370439085296269,
          1.3373759903875253,
          0.9366710450952851,
          0.937244111552396,
          0.9366818713850747,
          0.9372744012241927,
          0.9370270160095238,
          0.936483822416655,
          0.937505229223408,
          0.9362324024352893,
          0.0,
          0.9362530387991324,
          0.9364354482449823,
          0.9353580899481979,
          0.9364153440547363,
          0.9362929312329964,
          0.9364423484797503,
          0.9364758947137641,
          0.9400247064542583,
          0.9291256181261066,
          0.9364408352099405,
          0.93710675887955,
          0.9300645270535548,
          0.9322617562508703,
          0.9372720100689278,
          0.936824467056479,
          0.9362519338131039,
          0.9364895224871468,
          0.9305299522984988
        ],
        [
          0.9397653395581642,
          0.940517293284384,
          0.9415241819647996,
          0.9050239268687998,
          0.941662907588908,
          0.9420310140370814,
          0.9416027457012356,
          0.9423507568518283,
          0.9415267623848915,
          0.9414965243417986,
          0.9422358742720132,
          0.9412368445546044,
          0.9362530387991324,
          0.0,
          0.9413796582913035,
          0.9375014681348954,
          0.9414825960534303,
          0.9414644563396053,
          0.941514579794666,
          0.9414882159278473,
          0.9305950069043629,
          0.9318076588717763,
          0.9416580460117959,
          0.9421689177716124,
          1.397330558962153,
          0.9318395313715084,
          0.9423010537904071,
          0.9405973278905961,
          0.9412287158716773,
          0.941502059285703,
          0.9313692025982158
        ],
        [
          0.9398320946062201,
          0.9406271162255669,
          0.9415716985935727,
          0.9078428434843503,
          0.9418510635947367,
          0.9430544008779363,
          0.941787946514694,
          0.9429448116858531,
          0.9415805471531519,
          0.9415569494345325,
          0.9429420273416714,
          0.9412978613825078,
          0.9364354482449823,
          0.9413796582913035,
          0.0,
          0.9376141813098541,
          0.9415261074945435,
          0.941521811263906,
          0.9415689758950873,
          0.9415497106319635,
          0.9313718519800253,
          1.865136928914312,
          0.9418094689500066,
          0.9427106039897306,
          0.932087945699749,
          0.9327270226384359,
          0.9428776702390508,
          0.9406449369515453,
          0.9412907978969322,
          0.9415650033960843,
          0.9317118257546309
        ],
        [
          0.9372117979998867,
          0.9374308687343789,
          0.9384261555404639,
          3.283573968458016,
          0.9377932130307746,
          0.9393516398425636,
          0.9379545281723795,
          0.9385508407741343,
          0.9380161972135047,
          0.9376272497871356,
          0.9391068019247896,
          0.938011049255182,
          0.9353580899481979,
          0.9375014681348954,
          0.9376141813098541,
          0.0,
          0.9376561687001637,
          1.4068060707619248,
          0.9376163367044319,
          0.9376223163702334,
          1.4998916102577489,
          0.9378397482484964,
          0.9375789677673788,
          0.9383575991808847,
          3.0035442242255037,
          2.11596846847729,
          0.9384817476343215,
          3.3028278540919036,
          0.937533343611765,
          0.9376315550062556,
          4.128261135993444
        ],
        [
          0.9558891284695791,
          0.9406840260000756,
          0.9416726517422003,
          0.9057951871370779,
          0.9418064388728334,
          0.9421707010401243,
          0.941743562417496,
          0.9425742760336688,
          0.941663170564641,
          0.9416443097724495,
          0.942375960586192,
          0.9414151596350406,
          0.9364153440547363,
          0.9414825960534303,
          0.9415261074945435,
          0.9376561687001637,
          0.0,
          0.9416170783272552,
          0.9416755004503429,
          0.9416360349663068,
          1.1690630319037465,
          0.9321509674150866,
          0.9418086858517268,
          0.9424054042331926,
          1.1498029219792945,
          0.931986323880942,
          0.9425306148502449,
          0.9408229855052656,
          0.9414017390000425,
          0.9416498166518213,
          0.9315274636032829
        ],
        [
          0.9398397127779881,
          0.9405987454072335,
          0.9416523017721857,
          0.9045998905468984,
          0.9417994467506593,
          0.9421682553803211,
          0.9416971932672267,
          0.9424686043318029,
          0.9416619751187234,
          0.9416427853836457,
          0.9423838136623195,
          0.9413788867120204,
          0.9362929312329964,
          0.9414644563396053,
          0.941521811263906,
          1.4068060707619248,
          0.9416170783272552,
          0.0,
          0.9416621353632048,
          0.9416343318223559,
          0.9303848846135064,
          0.9315849959495526,
          0.9418079102991401,
          0.9423174031969178,
          0.9314941860256927,
          0.9317482485778648,
          0.9424454768513408,
          0.9408356356316907,
          0.9413700462838097,
          0.941648305496398,
          0.9331988569577571
        ],
        [
          0.939945087488003,
          0.9406987428681474,
          0.9417001904779946,
          0.9052102939811344,
          0.9418527043272208,
          0.9422213842019809,
          0.9417875093665266,
          0.9425421889096179,
          0.941703356078722,
          0.9416879955553544,
          0.9424230156927572,
          0.9414288344470946,
          0.9364423484797503,
          0.941514579794666,
          0.9415689758950873,
          0.9376163367044319,
          0.9416755004503429,
          0.9416621353632048,
          0.0,
          0.9416797007283803,
          0.9306355796620688,
          0.9319551286173928,
          0.9418564996591583,
          0.9423619028014727,
          1.3975636877068658,
          0.9319647721265216,
          0.942492139865554,
          0.9407571405141697,
          0.9414205772853081,
          0.9416935038260572,
          0.9314882742748173
        ],
        [
          0.9399150189299461,
          0.9409216803387868,
          0.9416704319476235,
          0.9064845430526006,
          0.9418858630651746,
          0.9426455421119344,
          0.9418038451997374,
          0.942764722033216,
          0.9416797972460275,
          0.9416629651150481,
          0.9427090325073801,
          0.9414043470101122,
          0.9364758947137641,
          0.9414882159278473,
          0.9415497106319635,
          0.9376223163702334,
          0.9416360349663068,
          0.9416343318223559,
          0.9416797007283803,
          0.0,
          0.9309884549868681,
          1.3982585490820374,
          0.9418735737770646,
          0.9425738765202087,
          0.9318902387009735,
          0.9323568817463428,
          0.9427184519274564,
          0.9407207305861566,
          0.941396717648854,
          0.9416694963101234,
          0.9316134053640185
        ],
        [
          3.8551108871387925,
          0.9327134270868982,
          1.1956726063625698,
          7.758631782030661,
          0.9317023787510138,
          0.9341860758825787,
          0.9320202046261713,
          1.0092976188656813,
          0.9316548566910339,
          0.9309916349194733,
          0.9339211376238866,
          1.3972908643858788,
          0.9400247064542583,
          0.9305950069043629,
          0.9313718519800253,
          1.4998916102577489,
          1.1690630319037465,
          0.9303848846135064,
          0.9306355796620688,
          0.9309884549868681,
          0.0,
          1.5947048761322076,
          0.9304667096108751,
          1.0243469083710313,
          8.481057772368711,
          1.9088733485316491,
          1.0116323767997195,
          1.3730586667024771,
          1.8609358546973063,
          0.9311614656096691,
          2.9726242085688583
        ],
        [
          0.9388838154488658,
          3.2354669699628396,
          0.93372139890112,
          1.410305146217612,
          2.1333595988193865,
          1.2513289612591605,
          1.8115965146271176,
          1.5348490563162045,
          0.9333882174224462,
          1.3973542265296748,
          1.3911491287979605,
          0.9321658954880288,
          0.9291256181261066,
          0.9318076588717763,
          1.865136928914312,
          0.9378397482484964,
          0.9321509674150866,
          0.9315849959495526,
          0.9319551286173928,
          1.3982585490820374,
          1.5947048761322076,
          0.0,
          1.0291783876858744,
          1.1612766222963242,
          6.404644843369985,
          1.2984612119077328,
          1.6222090807168106,
          0.9368503963681063,
          0.9322682414606178,
          1.398070872177425,
          1.0349377607262265
        ],
        [
          0.9400516067554577,
          0.9411574044577941,
          0.941826939887907,
          0.904647138097599,
          1.1047263705020323,
          0.9424988005098663,
          1.256659185815627,
          0.9451381936833415,
          0.9418350592587096,
          0.9418819916724638,
          0.9426919734665231,
          0.9415700319494762,
          0.9364408352099405,
          0.9416580460117959,
          0.9418094689500066,
          0.9375789677673788,
          0.9418086858517268,
          0.9418079102991401,
          0.9418564996591583,
          0.9418735737770646,
          0.9304667096108751,
          1.0291783876858744,
          0.0,
          0.9426006929685677,
          0.9362782626468829,
          0.931886866878661,
          0.9427869517653384,
          0.9408304204608087,
          0.9415566182533335,
          0.9418877521820784,
          0.9313248138658154
        ],
        [
          0.9418265850491851,
          0.9425335658488977,
          0.942442837955719,
          0.9269851694066616,
          0.9431669793403656,
          0.9433031283545833,
          0.9429201442500191,
          1.058831577393811,
          0.9423389805281082,
          0.9425821980516325,
          0.9434761495780953,
          0.9422873264290648,
          0.93710675887955,
          0.9421689177716124,
          0.9427106039897306,
          0.9383575991808847,
          0.9424054042331926,
          0.9423174031969178,
          0.9423619028014727,
          0.9425738765202087,
          1.0243469083710313,
          1.1612766222963242,
          0.9426006929685677,
          0.0,
          0.9429045733950587,
          0.933471149176416,
          1.0637301062830153,
          0.9417233858493071,
          0.9424627690483545,
          0.942587882256692,
          0.9330427897330802
        ],
        [
          3.370434961964,
          2.543993196918992,
          1.1125463581166908,
          4.016294257164903,
          0.972971188771185,
          0.9408977778178527,
          1.734016592135118,
          1.0190266793745333,
          0.9325975572493059,
          0.9324986628135488,
          0.938932435712129,
          1.3987854146097274,
          0.9300645270535548,
          1.397330558962153,
          0.932087945699749,
          3.0035442242255037,
          1.1498029219792945,
          0.9314941860256927,
          1.3975636877068658,
          0.9318902387009735,
          8.481057772368711,
          6.404644843369985,
          0.9362782626468829,
          0.9429045733950587,
          0.0,
          0.9411287649287917,
          0.9412542218096611,
          3.4698012515091876,
          0.931826062713705,
          0.9327177087833325,
          1.208943153636211
        ],
        [
          0.9316506007779006,
          0.9335037078463604,
          0.9331613243353157,
          5.413901430781692,
          0.9330210455844931,
          0.9708849677854973,
          0.9329978429165573,
          0.9337922456949492,
          0.9330725873087219,
          0.9323616563161558,
          0.9420708458912693,
          0.931908222298578,
          0.9322617562508703,
          0.9318395313715084,
          0.9327270226384359,
          2.11596846847729,
          0.931986323880942,
          0.9317482485778648,
          0.9319647721265216,
          0.9323568817463428,
          1.9088733485316491,
          1.2984612119077328,
          0.931886866878661,
          0.933471149176416,
          0.9411287649287917,
          0.0,
          0.9338755737595458,
          1.5906358795652769,
          0.9319517750738388,
          0.9323668223940182,
          0.9368816471100988
        ],
        [
          0.9419499140272211,
          0.9427943822229988,
          0.9425580269360339,
          0.9259089179314645,
          0.94342366510051,
          0.9438924342382412,
          0.9431790314240224,
          1.2325387048470475,
          0.9424548925108621,
          0.942726272801487,
          0.9439255322213653,
          0.9424160356320007,
          0.9372720100689278,
          0.9423010537904071,
          0.9428776702390508,
          0.9384817476343215,
          0.9425306148502449,
          0.9424454768513408,
          0.942492139865554,
          0.9427184519274564,
          1.0116323767997195,
          1.6222090807168106,
          0.9427869517653384,
          1.0637301062830153,
          0.9412542218096611,
          0.9338755737595458,
          0.0,
          0.9418272745008454,
          0.9425819522041726,
          0.9427331795343359,
          0.9331827364451121
        ],
        [
          0.9399517458048442,
          0.9401498408919601,
          0.9633210596426499,
          2.1018564319197885,
          0.9409100989171411,
          0.9422423564230873,
          0.9410257919546546,
          0.9419403751617277,
          0.940868205834099,
          0.9407277757701704,
          0.9421361006826968,
          0.9406224338872118,
          0.936824467056479,
          0.9405973278905961,
          0.9406449369515453,
          3.3028278540919036,
          0.9408229855052656,
          0.9408356356316907,
          0.9407571405141697,
          0.9407207305861566,
          1.3730586667024771,
          0.9368503963681063,
          0.9408304204608087,
          0.9417233858493071,
          3.4698012515091876,
          1.5906358795652769,
          0.9418272745008454,
          0.0,
          0.9405881046903558,
          0.9407329940959311,
          1.1957745058917064
        ],
        [
          0.9399915423871582,
          0.9404045207529745,
          0.94145316052332,
          0.9055863411650311,
          0.9415597830955763,
          0.9419406401885315,
          0.9414659910307414,
          0.9426011537302288,
          0.9414419970288962,
          0.9414049150129472,
          0.9421445807826999,
          0.9411481976470883,
          0.9362519338131039,
          0.9412287158716773,
          0.9412907978969322,
          0.937533343611765,
          0.9414017390000425,
          0.9413700462838097,
          0.9414205772853081,
          0.941396717648854,
          1.8609358546973063,
          0.9322682414606178,
          0.9415566182533335,
          0.9424627690483545,
          0.931826062713705,
          0.9319517750738388,
          0.9425819522041726,
          0.9405881046903558,
          0.0,
          0.9414104964959313,
          0.9314593750689866
        ],
        [
          0.9399299542860273,
          0.9406989212186445,
          0.9416829738666634,
          0.9065066513624194,
          0.9419017721875963,
          0.9426596679191253,
          0.9418190505103862,
          0.9427793238050068,
          0.9416922843736382,
          0.9416772941199817,
          0.9427230034051599,
          0.9414182534240675,
          0.9364895224871468,
          0.941502059285703,
          0.9415650033960843,
          0.9376315550062556,
          0.9416498166518213,
          0.941648305496398,
          0.9416935038260572,
          0.9416694963101234,
          0.9311614656096691,
          1.398070872177425,
          0.9418877521820784,
          0.942587882256692,
          0.9327177087833325,
          0.9323668223940182,
          0.9427331795343359,
          0.9407329940959311,
          0.9414104964959313,
          0.0,
          0.9316460832504448
        ],
        [
          0.9313259258900837,
          0.9318109132433997,
          0.9324987795509572,
          6.06430065339122,
          0.9318700907513667,
          0.9342782441495019,
          0.9320611812038266,
          0.9331710235497986,
          0.9323991916860122,
          0.9316180588545241,
          0.9341707185219446,
          1.3956403204931989,
          0.9305299522984988,
          0.9313692025982158,
          0.9317118257546309,
          4.128261135993444,
          0.9315274636032829,
          0.9331988569577571,
          0.9314882742748173,
          0.9316134053640185,
          2.9726242085688583,
          1.0349377607262265,
          0.9313248138658154,
          0.9330427897330802,
          1.208943153636211,
          0.9368816471100988,
          0.9331827364451121,
          1.1957745058917064,
          0.9314593750689866,
          0.9316460832504448,
          0.0
        ]
      ]
    },
    "region": {
      "rate": 16.260148584153136,
      "alphabet": [
        "china",
        "europe",
        "japan korea",
        "south asia",
        "southeast asia",
        "west asia",
        "?"
      ],
      "equilibrium_probabilities": [
        0.2217134362749947,
        0.13737271184216704,
        0.11432208099132546,
        0.2295616831398615,
        0.19166705559624836,
        0.10536303215540299
      ],
      "transition_matrix": [
        [
          0.0,
          0.37538592689158046,
          3.643091355856658,
          0.23976221471864342,
          2.1746878007813844,
          3.618827260971417
        ],
        [
          0.37538592689158046,
          0.0,
          0.39467466707947024,
          0.27113899069623126,
          0.4141758381729854,
          3.1701772992263253
        ],
        [
          3.643091355856658,
          0.39467466707947024,
          0.0,
          0.2759796881612263,
          1.0725965704753817,
          1.106303447599385
        ],
        [
          0.23976221471864342,
          0.27113899069623126,
          0.2759796881612263,
          0.0,
          0.38794077449176095,
          2.0375396003998993
        ],
        [
          2.1746878007813844,
          0.4141758381729854,
          1.0725965704753817,
          0.38794077449176095,
          0.0,
          1.2434079232086361
        ],
        [
          3.618827260971417,
          3.1701772992263253,
          1.106303447599385,
          2.0375396003998993,
          1.2434079232086361,
          0.0
        ]
      ]
    },
    "subtype": {
      "rate": 9.64066290066108,
      "alphabet": [
        "H3",
        "H3N1",
        "H3N2",
        "H3N3",
        "H3N4",
        "H3N5",
        "H3N6",
        "H3N8",
        "H3N9",
        "?"
      ],
      "equilibrium_probabilities": [
        0.13839802900915324,
        0.1030957657119129,
        0.08073766642665756,
        0.13143822198057656,
        0.13214505531669077,
        0.1385217239202224,
        0.0852175208474501,
        0.044022396332859884,
        0.14642362045447668
      ],
      "transition_matrix": [
        [
          0.0,
          0.6225101528107211,
          0.8870104551732372,
          0.6163110980899607,
          0.6193710198653766,
          0.6190390724730237,
          1.2059592032217734,
          1.4163977111849808,
          0.6193143121971334
        ],
        [
          0.6225101528107211,
          0.0,
          0.8745959270977897,
          0.8360846877863873,
          0.617684281315175,
          0.6173207669354431,
          0.6054308770440563,
          4.174635982254297,
          0.6174755858877226
        ],
        [
          0.8870104551732372,
          0.8745959270977897,
          0.0,
          1.3809574475457913,
          0.5411046551999951,
          0.5378270726987722,
          5.477004692641273,
          19.67935206641648,
          0.7792663294895442
        ],
        [
          0.6163110980899607,
          0.8360846877863873,
          1.3809574475457913,
          0.0,
          0.6178569982956875,
          0.6174662582908148,
          1.2503346586300663,
          2.30725975180074,
          0.6177332038464821
        ],
        [
          0.6193710198653766,
          0.617684281315175,
          0.5411046551999951,
          0.6178569982956875,
          0.0,
          0.6209271964649911,
          0.6183093649856951,
          0.9729415114472226,
          0.6212502112477921
        ],
        [
          0.6190390724730237,
          0.6173207669354431,
          0.5378270726987722,
          0.6174662582908148,
          0.6209271964649911,
          0.0,
          0.7320680041303735,
          0.8730820301445804,
          0.6209789486639453
        ],
        [
          1.2059592032217734,
          0.6054308770440563,
          5.477004692641273,
          1.2503346586300663,
          0.6183093649856951,
          0.7320680041303735,
          0.0,
          17.116368522697545,
          0.5938107312725927
        ],
        [
          1.4163977111849808,
          4.174635982254297,
          19.67935206641648,
          2.30725975180074,
          0.9729415114472226,
          0.8730820301445804,
          17.116368522697545,
          0.0,
          0.5083186975833206
        ],
        [
          0.6193143121971334,
          0.6174755858877226,
          0.7792663294895442,
          0.6177332038464821,
          0.6212502112477921,
          0.6209789486639453,
          0.5938107312725927,
          0.5083186975833206,
          0.0
        ]
      ]
    },
    "broad": {
      "rate": 7.7725814699069184,
      "alphabet": [
        "avian",
        "chicken",
        "coot",
        "duck",
        "goose",
        "gull",
        "pheasant",
        "pigeon",
        "swan",
        "wader",
        "waterfowl",
        "?"
      ],
      "equilibrium_probabilities": [
        0.047852835530923565,
        0.03359057625993452,
        0.0929052396679523,
        0.1598362783994853,
        0.04861662967975168,
        0.14379064022662144,
        0.10748618415506934,
        0.11938690669810491,
        0.07625100445995218,
        0.06745483524518156,
        0.10282886967702318
      ],
      "transition_matrix": [
        [
          0.0,
          0.6991792240452607,
          0.7033658018725354,
          5.60340952841119,
          0.7049986879307192,
          0.7014044743537176,
          0.7028033615806126,
          0.7027675248441184,
          0.7053902232081344,
          0.7036379237476188,
          0.8633956505702305
        ],
        [
          0.6991792240452607,
          0.0,
          0.6857943412650617,
          13.049934640320018,
          0.8645410664074229,
          0.6745766819192568,
          0.6855012440387881,
          1.5508505934748937,
          0.6909379706318793,
          0.691366962908167,
          0.6835981774427913
        ],
        [
          0.7033658018725354,
          0.6857943412650617,
          0.0,
          1.104521279558074,
          0.7034406865740396,
          0.706630224543951,
          0.7067029584989031,
          0.7064610991537117,
          0.7062753197746537,
          0.7050764765643601,
          0.7062258843456973
        ],
        [
          5.60340952841119,
          13.049934640320018,
          1.104521279558074,
          0.0,
          4.682525908454672,
          0.49705491597042334,
          0.7972895546681615,
          0.9663206320176767,
          1.7302871644738858,
          2.3471879608533666,
          0.9611066527065426
        ],
        [
          0.7049986879307192,
          0.8645410664074229,
          0.7034406865740396,
          4.682525908454672,
          0.0,
          1.045557012436677,
          0.7028631612495138,
          1.0617626913404392,
          0.7039661463656796,
          0.7037902690710367,
          0.7029032555888836
        ],
        [
          0.7014044743537176,
          0.6745766819192568,
          0.706630224543951,
          0.49705491597042334,
          1.045557012436677,
          0.0,
          0.7066796428228626,
          0.7062200112822126,
          0.7060056417334245,
          0.7041493544860842,
          0.7058988986683709
        ],
        [
          0.7028033615806126,
          0.6855012440387881,
          0.7067029584989031,
          0.7972895546681615,
          0.7028631612495138,
          0.7066796428228626,
          0.0,
          0.7064291686026855,
          0.7062307155476377,
          0.704838145060494,
          0.7061746721008244
        ],
        [
          0.7027675248441184,
          1.5508505934748937,
          0.7064610991537117,
          0.9663206320176767,
          1.0617626913404392,
          0.7062200112822126,
          0.7064291686026855,
          0.0,
          0.7060501258970295,
          0.7045893340680046,
          0.7058465100830398
        ],
        [
          0.7053902232081344,
          0.6909379706318793,
          0.7062753197746537,
          1.7302871644738858,
          0.7039661463656796,
          0.7060056417334245,
          0.7062307155476377,
          0.7060501258970295,
          0.0,
          0.7050876883866698,
          0.7058843468585225
        ],
        [
          0.7036379237476188,
          0.691366962908167,
          0.7050764765643601,
          2.3471879608533666,
          0.7037902690710367,
          0.7041493544860842,
          0.704838145060494,
          0.7045893340680046,
          0.7050876883866698,
          0.0,
          0.704616261407765
        ],
        [
          0.8633956505702305,
          0.6835981774427913,
          0.7062258843456973,
          0.9611066527065426,
          0.7029032555888836,
          0.7058988986683709,
          0.7061746721008244,
          0.7058465100830398,
          0.7058843468585225,
          0.704616261407765,
          0.0
        ]
      ]
    },
    "order": {
      "rate": 10.074960200942897,
      "alphabet": [
        "anseriformes",
        "avian",
        "charadriiformes",
        "galliformes",
        "neoave",
        "?"
      ],
      "equilibrium_probabilities": [
        0.4301937066149325,
        0.12833263949199672,
        0.14727915889622814,
        0.10473697085970539,
        0.18945752413713732
      ],
      "transition_matrix": [
        [
          0.0,
