{
  "models": {
    "country": {
      "rate": 64.95690838188544,
      "alphabet": [
        "Algeria",
        "Argentina",
        "Australia",
        "Austria",
        "Brazil",
        "Chile",
        "China",
        "France",
        "Germany",
        "Ireland",
        "Italy",
        "Japan",
        "Kazakhstan",
        "Malaysia",
        "Mongolia",
        "Poland",
        "Romania",
        "Saudi Arabia",
        "South Africa",
        "South Korea",
        "Sweden",
        "Switzerland",
        "Turkey",
        "United Arab Emirates",
        "United Kingdom",
        "Uruguay",
        "Usa",
        "?"
      ],
      "equilibrium_probabilities": [
        0.03776610987782534,
        0.035211753921963754,
        0.03927506845094781,
        0.0389256237488164,
        0.0332674404887714,
        0.03269317093731032,
        0.04243784302532301,
        0.0357294011412746,
        0.03861958948098849,
        0.03955089124013914,
        0.037818893981375175,
        0.03390224809768261,
        0.04109435304937812,
        0.03579447747785284,
        0.03879825889645042,
        0.03970476508949939,
        0.039719898335723175,
        0.033252388181042286,
        0.03363740220096199,
        0.03930859376654954,
        0.03193098464951338,
        0.037603391084509115,
        0.0386345756404202,
        0.0394744915502904,
        0.02806601531526345,
        0.03596662238395509,
        0.04181574798617258
      ],
      "transition_matrix": [
        [
          0.0,
          0.9600032499326839,
          0.960215497423553,
          0.9595752627753851,
          0.9622979487509838,
          0.9624755911082312,
          0.959973758744908,
          0.9613283166409301,
          0.9592903667027107,
          0.9593079670551966,
          0.9611963962807498,
          1.3218649883387186,
          0.9594544864208581,
          0.9598930087092944,
          0.9607617314373836,
          0.959060862199967,
          0.9595015487073453,
          0.9600807488294214,
          0.9605652357673471,
          0.960209272004726,
          0.9608627012550188,
          0.9851053253871156,
          0.9592668984204716,
          0.9593141633388609,
          0.9857395885742444,
          0.9688223422792681,
          1.1988000442882287
        ],
        [
          0.9600032499326839,
          0.0,
          0.956832581298703,
          0.9570928893613531,
          0.9573495421025808,
          1.1713911313272434,
          0.9572997060436488,
          0.9580499151019348,
          0.9568424349554326,
          0.9568247450565643,
          0.9581529485727518,
          0.9604174743592165,
          0.9568545038920602,
          0.9568583866961216,
          0.9582134943286558,
          0.9565938845525571,
          0.9569212145814742,
          0.9568541108579229,
          0.956933549737272,
          0.9568282293113066,
          0.9570350414933684,
          0.9583239992799248,
          0.9568207562702304,
          0.9568215368076507,
          0.9765205177191201,
          0.9580581326807188,
          1.5460746680437858
        ],
        [
          0.960215497423553,
          0.956832581298703,
          0.0,
          0.9570311274008951,
          0.9569980315454384,
          0.9582929108155827,
          0.9572646711022169,
          0.9580654017971587,
          0.9567816797750837,
          0.9567611497856924,
          0.9581667188211619,
          1.446171925780872,
          0.9567875388474316,
          0.956741873543608,
          0.9583121835181387,
          0.956504814126999,
          0.9568674319717912,
          0.9566578563332437,
          0.9567671586587846,
          0.956794934023782,
          0.9567623549162669,
          0.9585030949002864,
          0.9567594071945588,
          0.9567586570232505,
          0.9779121592629824,
          0.9577949021838589,
          0.969529601212098
        ],
        [
          0.9595752627753851,
          0.9570928893613531,
          0.9570311274008951,
          0.0,
          0.9572585944843433,
          0.9586452536623126,
          1.2231217701833483,
          0.9583159253378087,
          0.9574495660968244,
          0.9570274118365104,
          1.4771643277759203,
          0.9598056571171792,
          0.9574836430702082,
          0.9570004397090499,
          0.9588591261455449,
          0.9570780380923736,
          0.9571337674211754,
          0.9569668850526509,
          0.9570275129455591,
          0.9570275146148055,
          0.9570222650578091,
          0.9604779328032098,
          0.9570778546835228,
          0.9570239341691487,
          1.0767782212729349,
          0.9579651418276499,
          0.9873154889652499
        ],
        [
          0.9622979487509838,
          0.9573495421025808,
          0.9569980315454384,
          0.9572585944843433,
          0.0,
          0.9596846571055053,
          0.9574499210377374,
          0.958296829540383,
          0.9569884723042664,
          0.9569720462239922,
          0.9583850209070878,
          0.9636087333323493,
          0.9570112894616545,
          0.9571335983925283,
          0.9582809113034055,
          0.9567518028600602,
          0.957081182732075,
          0.9572504407116592,
          0.9573318689126906,
          0.9569921215533913,
          0.9575863540233288,
          0.9665002195179341,
          0.9569656162440748,
          1.43927410620346,
          0.976497634604904,
          1.3796371458404173,
          2.238683590447359
        ],
        [
          0.9624755911082312,
          1.1713911313272434,
          0.9582929108155827,
          0.9586452536623126,
          0.9596846571055053,
          0.0,
          0.9590867599859979,
          0.9593050010028696,
          0.9584683081458784,
          0.9582942182862564,
          0.9601149747221462,
          0.9631607669209011,
          0.9585435061524156,
          0.9581888724533358,
          0.9595558998720872,
          0.9580806146599024,
          0.9583872600190178,
          0.9583290802917224,
          0.9581875123147754,
          0.9582884158040317,
          0.9583178956397052,
          0.960037745386003,
          0.9584353085160643,
          0.9582840904032512,
          1.5456636566250301,
          0.9598413120905464,
          2.255182373187994
        ],
        [
          0.959973758744908,
          0.9572997060436488,
          0.9572646711022169,
          1.2231217701833483,
          0.9574499210377374,
          0.9590867599859979,
          0.0,
          0.9586350943809498,
          0.9574748220333471,
          0.9572629338446413,
          1.2301411381520093,
          0.9601881648174746,
          2.3612619638711196,
          0.9572027189832265,
          2.0209495211997957,
          0.95713699088192,
          0.9573758927868705,
          0.9571574717114607,
          0.9572119739836412,
          0.9572608341309704,
          0.957192013682254,
          0.9597290006769805,
          0.9573284949672566,
          0.9572579280163768,
          1.3615995407302819,
          0.9582360389691911,
          0.9730926555396386
        ],
        [
          0.9613283166409301,
          0.9580499151019348,
          0.9580654017971587,
          0.9583159253378087,
          0.958296829540383,
          0.9593050010028696,
          0.9586350943809498,
          0.0,
          0.9580547139380609,
          0.9580649658115545,
          0.9595268281006264,
          0.9615275401042425,
          0.9581407264826353,
          0.9579248727844323,
          0.959454795520968,
          0.9578359916569359,
          1.2386150653821972,
          0.9578133558360991,
          0.9578800162208114,
          0.958062119284112,
          0.9578909513217866,
          1.4511740634814547,
          0.9580319600761998,
          0.9580593955552255,
          0.9773172272940529,
          0.9592389308603994,
          1.4536547281769345
        ],
        [
          0.9592903667027107,
          0.9568424349554326,
          0.9567816797750837,
          0.9574495660968244,
          0.9569884723042664,
          0.9584683081458784,
          0.9574748220333471,
          0.9580547139380609,
          0.0,
          0.9567774622968716,
          1.028605370886993,
          0.9594536156149366,
          0.9568459156252775,
          0.9567530140541193,
          0.958302383107795,
          0.9565355224486602,
          0.9568811198278039,
          0.956682117355983,
          0.9567743429546045,
          0.9567781628068532,
          0.9567679367346853,
          0.9596858520519719,
          0.9567849891404656,
          0.9567737042453094,
          1.4795642544984424,
          0.9576998013739502,
          0.9666252356343185
        ],
        [
          0.9593079670551966,
          0.9568247450565643,
          0.9567611497856924,
          0.9570274118365104,
          0.9569720462239922,
          0.9582942182862564,
          0.9572629338446413,
          0.9580649658115545,
          0.9567774622968716,
          0.0,
          0.9581708134745707,
          0.9594573684504041,
          0.9567827052298072,
          0.9567335630560365,
          0.9583176023193024,
          0.9564974389391537,
          0.9568617992439598,
          1.442551560236278,
          0.956756295485421,
          0.9567575531675595,
          0.956849845779401,
          0.9582241244506172,
          0.95675522670972,
          0.9567529535219846,
          0.9816815502361409,
          0.9576966141157043,
          0.9682798628280794
        ],
        [
          0.9611963962807498,
          0.9581529485727518,
          0.9581667188211619,
          1.4771643277759203,
          0.9583850209070878,
          0.9601149747221462,
          1.2301411381520093,
          0.9595268281006264,
          1.028605370886993,
          0.9581708134745707,
          0.0,
          0.9615884302255305,
          0.9590442302279574,
          0.9580525153500968,
          0.9600945719069655,
          1.4362162934476481,
          0.9583773226923581,
          0.9580999204264806,
          0.9580349379734576,
          0.9581636775961332,
          0.9580079343376157,
          1.537163148052582,
          0.9583140942230447,
          0.9581622954547349,
          2.076769856798522,
          0.9592595269360699,
          1.0937251370760097
        ],
        [
          1.3218649883387186,
          0.9604174743592165,
          1.446171925780872,
          0.9598056571171792,
          0.9636087333323493,
          0.9631607669209011,
          0.9601881648174746,
          0.9615275401042425,
          0.9594536156149366,
          0.9594573684504041,
          0.9615884302255305,
          0.0,
          0.9596534367644897,
          0.9601880410578799,
          0.9607523888515006,
          0.9592305678654347,
          0.9596530139870675,
          0.9605640580390709,
          0.9610068404013475,
          1.4408921369543868,
          0.9615444512047872,
          0.9902022981425718,
          0.9594278655711886,
          0.9594635351365739,
          1.4934128407382554,
          0.9721571123999753,
          2.2309314966047444
        ],
        [
          0.9594544864208581,
          0.9568545038920602,
          0.9567875388474316,
          0.9574836430702082,
          0.9570112894616545,
          0.9585435061524156,
          2.3612619638711196,
          0.9581407264826353,
          0.9568459156252775,
          0.9567827052298072,
          0.9590442302279574,
          0.9596534367644897,
          0.0,
          0.9567565611429811,
          1.5692963713028931,
          0.9565138718386194,
          0.9568925820941723,
          0.956705942601412,
          0.9567793438373028,
          0.9567836502261022,
          0.9567722762443155,
          0.958382014852005,
          0.9568217917663163,
          0.9567789136360848,
          1.3107166000213424,
          0.9577660353195678,
          0.9646136575262618
        ],
        [
          0.9598930087092944,
          0.9568583866961216,
          0.956741873543608,
          0.9570004397090499,
          0.9571335983925283,
          0.9581888724533358,
          0.9572027189832265,
          0.9579248727844323,
          0.9567530140541193,
          0.9567335630560365,
          0.9580525153500968,
          0.9601880410578799,
          0.9567565611429811,
          0.0,
          0.9581462298944801,
          0.9564988395469296,
          0.9568296706729761,
          0.9566855908155184,
          0.9567372666492272,
          0.9567375022901017,
          0.9568016527362787,
          0.9581742896247183,
          0.9567313326704403,
          0.9567305274628799,
          0.9761659990510444,
          0.9579256314953363,
          1.4444494038713263
        ],
        [
          0.9607617314373836,
          0.9582134943286558,
          0.9583121835181387,
          0.9588591261455449,
          0.9582809113034055,
          0.9595558998720872,
          2.0209495211997957,
          0.959454795520968,
          0.958302383107795,
          0.9583176023193024,
          0.9600945719069655,
          0.9607523888515006,
          1.5692963713028931,
          0.9581462298944801,
          0.0,
          0.9580699492043158,
          0.9584293425255702,
          0.9579614196365972,
          0.9580823658232688,
          0.9583099564570312,
          0.9580075554308799,
          0.9596907112434206,
          0.9582801609689591,
          0.9583119860363623,
          0.9794840076568712,
          0.9591037499664194,
          0.965351941014399
        ],
        [
          0.959060862199967,
          0.9565938845525571,
          0.956504814126999,
          0.9570780380923736,
          0.9567518028600602,
          0.9580806146599024,
          0.95713699088192,
          0.9578359916569359,
          0.9565355224486602,
          0.9564974389391537,
          1.4362162934476481,
          0.9592305678654347,
          0.9565138718386194,
          0.9564988395469296,
          0.9580699492043158,
          0.0,
          0.956603134284028,
          0.9564286423063781,
          0.9565347805132123,
          0.9565009934402688,
          0.9565378922741109,
          0.9588717248188664,
          0.9565019874575508,
          0.9564953197247529,
          0.9782978874490937,
          0.9574612089394469,
          0.9635933834222292
        ],
        [
          0.9595015487073453,
          0.9569212145814742,
          0.9568674319717912,
          0.9571337674211754,
          0.957081182732075,
          0.9583872600190178,
          0.9573758927868705,
          1.2386150653821972,
          0.9568811198278039,
          0.9568617992439598,
          0.9583773226923581,
          0.9596530139870675,
          0.9568925820941723,
          0.9568296706729761,
          0.9584293425255702,
          0.956603134284028,
          0.0,
          0.9567363543181655,
          0.9568470921805788,
          0.9568638122555245,
          0.9568360186906258,
          1.2688789417322417,
          0.956857814385456,
          0.9568589632404065,
          0.9782512485269055,
          0.9578405784760857,
          0.9653553935738526
        ],
        [
          0.9600807488294214,
          0.9568541108579229,
          0.9566578563332437,
          0.9569668850526509,
          0.9572504407116592,
          0.9583290802917224,
          0.9571574717114607,
          0.9578133558360991,
          0.956682117355983,
          1.442551560236278,
          0.9580999204264806,
          0.9605640580390709,
          0.956705942601412,
          0.9566855908155184,
          0.9579614196365972,
          0.9564286423063781,
          0.9567363543181655,
          0.0,
          0.9567559369459328,
          0.9566530134271958,
          1.4499148391621628,
          0.9581539964029976,
          0.9566545604382413,
          0.9566445901079585,
          1.4623850088540777,
          0.9579937598044638,
          1.7431738534527534
        ],
        [
          0.9605652357673471,
          0.956933549737272,
          0.9567671586587846,
          0.9570275129455591,
          0.9573318689126906,
          0.9581875123147754,
          0.9572119739836412,
          0.9578800162208114,
          0.9567743429546045,
          0.956756295485421,
          0.9580349379734576,
          0.9610068404013475,
          0.9567793438373028,
          0.9567372666492272,
          0.9580823658232688,
          0.9565347805132123,
          0.9568470921805788,
          0.9567559369459328,
          0.0,
          0.9567620033176005,
          0.95688901958227,
          0.9582350282720893,
          0.956752588018867,
          0.9567527272741005,
          0.9752443400219633,
          0.9582185621569769,
          1.9441167778465105
        ],
        [
          0.960209272004726,
          0.9568282293113066,
          0.956794934023782,
          0.9570275146148055,
          0.9569921215533913,
          0.9582884158040317,
          0.9572608341309704,
          0.958062119284112,
          0.9567781628068532,
          0.9567575531675595,
          0.9581636775961332,
          1.4408921369543868,
          0.9567836502261022,
          0.9567375022901017,
          0.9583099564570312,
          0.9565009934402688,
          0.9568638122555245,
          0.9566530134271958,
          0.9567620033176005,
          0.0,
          0.9567561932673538,
          0.9584976491489832,
          0.9567558870860507,
          0.9567550669561384,
          0.9779141975844332,
          0.9577900274253571,
          0.96529281497014
        ],
        [
          0.9608627012550188,
          0.9570350414933684,
          0.9567623549162669,
          0.9570222650578091,
          0.9575863540233288,
          0.9583178956397052,
          0.957192013682254,
          0.9578909513217866,
          0.9567679367346853,
          0.956849845779401,
          0.9580079343376157,
          0.9615444512047872,
          0.9567722762443155,
          0.9568016527362787,
          0.9580075554308799,
          0.9565378922741109,
          0.9568360186906258,
          1.4499148391621628,
          0.95688901958227,
          0.9567561932673538,
          0.0,
          0.9583290820107018,
          0.9567460063805165,
          0.9567458772933659,
          0.9751924522692017,
          0.9584039740966419,
          2.235855540838754
        ],
        [
          0.9851053253871156,
          0.9583239992799248,
          0.9585030949002864,
          0.9604779328032098,
          0.9665002195179341,
          0.960037745386003,
          0.9597290006769805,
          1.4511740634814547,
          0.9596858520519719,
          0.9582241244506172,
          1.537163148052582,
          0.9902022981425718,
          0.958382014852005,
          0.9581742896247183,
          0.9596907112434206,
          0.9588717248188664,
          1.2688789417322417,
          0.9581539964029976,
          0.9582350282720893,
          0.9584976491489832,
          0.9583290820107018,
          0.0,
          0.9582286087894664,
          0.9582520473815631,
          1.4843007758616573,
          1.0025043163512375,
          1.6171792353161532
        ],
        [
          0.9592668984204716,
          0.9568207562702304,
          0.9567594071945588,
          0.9570778546835228,
          0.9569656162440748,
          0.9584353085160643,
          0.9573284949672566,
          0.9580319600761998,
          0.9567849891404656,
          0.95675522670972,
          0.9583140942230447,
          0.9594278655711886,
          0.9568217917663163,
          0.9567313326704403,
          0.9582801609689591,
          0.9565019874575508,
          0.956857814385456,
          0.9566545604382413,
          0.956752588018867,
          0.9567558870860507,
          0.9567460063805165,
          0.9582286087894664,
          0.0,
          0.9567513432795461,
          1.4679567938118148,
          0.9576771481656051,
          0.9637891334512927
        ],
        [
          0.9593141633388609,
          0.9568215368076507,
          0.9567586570232505,
          0.9570239341691487,
          1.43927410620346,
          0.9582840904032512,
          0.9572579280163768,
          0.9580593955552255,
          0.9567737042453094,
          0.9567529535219846,
          0.9581622954547349,
          0.9594635351365739,
          0.9567789136360848,
          0.9567305274628799,
          0.9583119860363623,
          0.9564953197247529,
          0.9568589632404065,
          0.9566445901079585,
          0.9567527272741005,
          0.9567550669561384,
          0.9567458772933659,
          0.9582520473815631,
          0.9567513432795461,
          0.0,
          0.9779432491756621,
          0.9579768754023481,
          0.9660308124220094
        ],
        [
          0.9857395885742444,
          0.9765205177191201,
          0.9779121592629824,
          1.0767782212729349,
          0.976497634604904,
          1.5456636566250301,
          1.3615995407302819,
          0.9773172272940529,
          1.4795642544984424,
          0.9816815502361409,
          2.076769856798522,
          1.4934128407382554,
          1.3107166000213424,
          0.9761659990510444,
          0.9794840076568712,
          0.9782978874490937,
          0.9782512485269055,
          1.4623850088540777,
          0.9752443400219633,
          0.9779141975844332,
          0.9751924522692017,
          1.4843007758616573,
          1.4679567938118148,
          0.9779432491756621,
          0.0,
          0.9792775136883636,
          4.577696296633669
        ],
        [
          0.9688223422792681,
          0.9580581326807188,
          0.9577949021838589,
          0.9579651418276499,
          1.3796371458404173,
          0.9598413120905464,
          0.9582360389691911,
          0.9592389308603994,
          0.9576998013739502,
          0.9576966141157043,
          0.9592595269360699,
          0.9721571123999753,
          0.9577660353195678,
          0.9579256314953363,
          0.9591037499664194,
          0.9574612089394469,
          0.9578405784760857,
          0.9579937598044638,
          0.9582185621569769,
          0.9577900274253571,
          0.9584039740966419,
          1.0025043163512375,
          0.9576771481656051,
          0.9579768754023481,
          0.9792775136883636,
          0.0,
          1.4685349765478641
        ],
        [
          1.1988000442882287,
          1.5460746680437858,
          0.969529601212098,
          0.9873154889652499,
          2.238683590447359,
          2.255182373187994,
          0.9730926555396386,
          1.4536547281769345,
          0.9666252356343185,
          0.9682798628280794,
          1.0937251370760097,
          2.2309314966047444,
          0.9646136575262618,
          1.4444494038713263,
          0.965351941014399,
          0.9635933834222292,
          0.9653553935738526,
          1.7431738534527534,
          1.9441167778465105,
          0.96529281497014,
          2.235855540838754,
          1.6171792353161532,
          0.9637891334512927,
          0.9660308124220094,
          4.577696296633669,
          1.4685349765478641,
          0.0
        ]
      ]
    },
    "region": {
      "rate": 41.19157344389888,
      "alphabet": [
        "Africa",
        "China",
        "Europe",
        "Japan Korea",
        "North America",
        "Oceania",
        "South America",
        "Southeast Asia",
        "West Asia",
        "?"
      ],
      "equilibrium_probabilities": [
        0.1086277263369492,
        0.13223094628312185,
        0.09603350214859031,
        0.1144890246753509,
        0.09726278527576074,
        0.11795385691361482,
        0.09429573585021811,
        0.10564270077847436,
        0.13346372173791982
      ],
      "transition_matrix": [
        [
          0.0,
          0.7091974468231842,
          0.7722171090595864,
          0.9782906333457303,
          1.6294232587750623,
          0.7106023678927745,
          0.7216992281791547,
          0.7101682107303239,
          0.7121923820123154
        ],
        [
          0.7091974468231842,
          0.0,
          1.2987636094578408,
          0.7085081020588813,
          0.7030604194012455,
          0.7067935697978123,
          0.706524886584509,
          0.7068441365212826,
          2.4177848356056413
        ],
        [
          0.7722171090595864,
          1.2987636094578408,
          0.0,
          1.1652585059234952,
          5.793465518874531,
          0.7299344022553661,
          1.2057182068005396,
          0.7276449618565343,
          2.7213437443548254
        ],
        [
          0.9782906333457303,
          0.7085081020588813,
          1.1652585059234952,
          0.0,
          1.6231122192054737,
          1.0716251130985703,
          0.7224477993475429,
          0.7096530728522785,
          0.7118221890938436
        ],
        [
          1.6294232587750623,
          0.7030604194012455,
          5.793465518874531,
          1.6231122192054737,
          0.0,
          0.7091671329762584,
          3.323750586754095,
          1.0557804992040407,
          0.990109357566812
        ],
        [
          0.7106023678927745,
          0.7067935697978123,
          0.7299344022553661,
          1.0716251130985703,
          0.7091671329762584,
          0.0,
          0.7072244571298065,
          0.7078893660662482,
          0.7078559141518193
        ],
        [
          0.7216992281791547,
          0.706524886584509,
          1.2057182068005396,
          0.7224477993475429,
          3.323750586754095,
          0.7072244571298065,
          0.0,
          0.7072056827473766,
          1.065582045298527
        ],
        [
          0.7101682107303239,
          0.7068441365212826,
          0.7276449618565343,
          0.7096530728522785,
          1.0557804992040407,
          0.7078893660662482,
          0.7072056827473766,
          0.0,
          0.7078077017574159
        ],
        [
          0.7121923820123154,
          2.4177848356056413,
          2.7213437443548254,
          0.7118221890938436,
          0.990109357566812,
          0.7078559141518193,
          1.065582045298527,
          0.7078077017574159,
          0.0
        ]
      ]
    }
  },
  "nodes": {
    "TS_NODE_222": {
      "host": "Equine",
      "country": "Usa",
      "country_confidence": {
        "Usa": 0.3838310725339719,
        "Switzerland": 0.18106539008052633,
        "Japan": 0.0620277613686594,
        "Uruguay": 0.05747540152186469,
        "Algeria": 0.043502202743303915,
        "United Kingdom": 0.02649747772830293,
        "Brazil": 0.01915891654179468,
        "Chile": 0.014358275336499634,
        "Sweden": 0.013796078354441833,
        "France": 0.01312093289137029,
        "South Africa": 0.01308937425274369,
        "Italy": 0.012418978928817357,
        "Saudi Arabia": 0.012057448832003902,
        "Argentina": 0.01169662924613899,
        "Malaysia": 0.011368346086935072,
        "Australia": 0.011147973842851957,
        "South Korea": 0.01112050057168762,
        "Romania": 0.011118962480485049,
        "China": 0.010891230953273328,
        "Kazakhstan": 0.010473360254305617,
        "United Arab Emirates": 0.010107014954444824,
        "Poland": 0.01003952367846518,
        "Ireland": 0.010034778982137544,
        "Austria": 0.009999886549872194,
        "Germany": 0.009901722858562938,
        "Turkey": 0.009880696026485678,
        "Mongolia": 0.009820062400053333
      },
      "country_entropy": 2.3350067752378316,
      "region": "North America",
      "region_confidence": {
        "North America": 0.469537050181022,
        "Europe": 0.23609161250653762,
        "South America": 0.08307278061464571,
        "Japan Korea": 0.08162538596460556,
        "Africa": 0.0704981291895429,
        "West Asia": 0.024379801046519538,
        "China": 0.013354952371935661,
        "Oceania": 0.010971196080381143,
        "Southeast Asia": 0.010469092044810042
      },
      "region_entropy": 1.539387537605789,
      "subtype": "H3N8",
      "order": "Equine"
    },
    "TS_NODE_1": {
      "host": "Equine",
      "country": "Japan",
      "country_confidence": {
        "Japan": 0.2608768337005719,
        "Algeria": 0.20226952495424957,
        "Usa": 0.10798210192937918,
        "Switzerland": 0.05405124488032573,
        "Uruguay": 0.02587309143597341,
        "United Kingdom": 0.024187158823349035,
        "Australia": 0.018255252110502745,
        "South Korea": 0.01821064477635548,
        "Brazil": 0.017404156503293976,
        "Chile": 0.016162350840600675,
        "Italy": 0.01593405141838666,
        "France": 0.015823420198410446,
        "China": 0.015785477925909605,
        "Sweden": 0.015562343178614307,
        "South Africa": 0.015476854611753974,
        "Romania": 0.015324800695757134,
        "Kazakhstan": 0.015214011602755945,
        "Argentina": 0.014879555048636008,
        "Saudi Arabia": 0.01477139760478499,
        "Malaysia": 0.014764608962487392,
        "Poland": 0.014593389723666498,
        "United Arab Emirates": 0.01459336710098914,
        "Ireland": 0.01456724236542266,
        "Austria": 0.014443355065012917,
        "Germany": 0.014368092165228013,
        "Turkey": 0.014351723523152823,
        "Mongolia": 0.014273948854429827
      },
      "country_entropy": 2.6095212261582827,
      "region": "Japan Korea",
      "region_confidence": {
        "Japan Korea": 0.3222663040876045,
        "Africa": 0.27595529955121634,
        "North America": 0.18644652160604144,
        "Europe": 0.0901581857991555,
        "South America": 0.042798478170681796,
        "West Asia": 0.028706174040966804,
        "China": 0.019544179879044936,
        "Oceania": 0.019269259746952396,
        "Southeast Asia": 0.014855597118336285
      },
      "region_entropy": 1.702653124616086,
      "subtype": "H3N8",
      "order": "Equine"
    },
    "A/equine/Algiers/1/1972|1972-01-01": {
      "host": "Equine",
      "country": "Algeria",
      "country_confidence": {
        "Algeria": 1.0
      },
      "country_entropy": -1.000088900581841e-12,
      "region": "Africa",
      "region_confidence": {
        "Africa": 1.0
      },
      "region_entropy": -1.000088900581841e-12,
      "subtype": "H3N8",
      "order": "Equine"
    },
    "TS_NODE_0": {
      "host": "Equine",
      "country": "Japan",
      "country_confidence": {
        "Japan": 0.9996435295118566
      },
      "country_entropy": 0.004236036254892262,
      "region": "Japan Korea",
      "region_confidence": {
        "Japan Korea": 0.9995412870140851
      },
      "region_entropy": 0.004778584018578013,
      "subtype": "H3N8",
      "order": "Equine"
    },
    "A/equine/Sachiyama/1/1971|1971-01-01": {
      "host": "Equine",
      "country": "Japan",
      "country_confidence": {
        "Japan": 1.0
      },
      "country_entropy": -1.000088900581841e-12,
      "region": "Japan Korea",
      "region_confidence": {
        "Japan Korea": 1.0
      },
      "region_entropy": -1.000088900581841e-12,
      "subtype": "H3N8",
      "order": "Equine"
    },
    "A/equine/Tokyo/2/1971|1971-01-01": {
      "host": "Equine",
      "country": "Japan",
      "country_confidence": {
        "Japan": 1.0
      },
      "country_entropy": -1.000088900581841e-12,
      "region": "Japan Korea",
      "region_confidence": {
        "Japan Korea": 1.0
      },
      "region_entropy": -1.000088900581841e-12,
      "subtype": "H3N8",
      "order": "Equine"
    },
    "TS_NODE_221": {
      "host": "Equine",
      "country": "Usa",
      "country_confidence": {
        "Usa": 0.5353824291226859,
        "Switzerland": 0.23643474824725993,
        "Uruguay": 0.06695066305476857,
        "Japan": 0.022985219414402513,
        "United Kingdom": 0.016091269587770185,
        "Algeria": 0.014355230666868125,
        "Brazil": 0.013035419691097495,
        "Chile": 0.006724356581688717,
        "Sweden": 0.00642454189713165,
        "France": 0.0061224212908768385,
        "South Africa": 0.005887253662782935,
        "Italy": 0.0056210428448142434,
        "Saudi Arabia": 0.005295162858157626,
        "Argentina": 0.004990589192946889,
        "Malaysia": 0.004776746108229068,
        "Romania": 0.004650246832720737,
        "Australia": 0.00428327693920374,
        "China": 0.0042717160355133,
        "South Korea": 0.004270337686596614,
        "Kazakhstan": 0.004097980320977238,
        "United Arab Emirates": 0.004005681162046063,
        "Ireland": 0.003920855433084278,
        "Austria": 0.003920779035203259,
        "Poland": 0.00391429869409697,
        "Germany": 0.003884644434596959,
        "Turkey": 0.00387232606734079,
        "Mongolia": 0.0038307631371393464
      },
      "country_entropy": 1.632596794881199,
      "region": "North America",
      "region_confidence": {
        "North America": 0.5920831019364684,
        "Europe": 0.2785634605464498,
        "South America": 0.08136605506301788,
        "Japan Korea": 0.01837814255118569,
        "Africa": 0.014990842845472061,
        "West Asia": 0.00749912348588982,
        "China": 0.0029041707636899014,
        "Southeast Asia": 0.00220580903394047,
        "Oceania": 0.002009293773885996
      },
      "region_entropy": 1.0865252332811108,
      "subtype": "H3N8",
      "order": "Equine"
    },
    "TS_NODE_5": {
      "host": "Equine",
      "country": "Usa",
      "country_confidence": {
        "Usa": 0.5529788767565222,
        "Switzerland": 0.27959959856530114,
        "Uruguay": 0.0766709828979392,
        "Japan": 0.011661676389506638,
        "Brazil": 0.011111537480039513,
        "United Kingdom": 0.010644540376624106,
        "Algeria": 0.006711959185473896,
        "Chile": 0.0037957823158911177,
        "Sweden": 0.003621296649344745,
        "France": 0.0035389034975564725,
        "South Africa": 0.003266544700095967,
        "Italy": 0.003160783241903049,
        "Saudi Arabia": 0.00290009828776794,
        "Argentina": 0.0026955894426753356,
        "Malaysia": 0.002558853711798537,
        "Romania": 0.0024918976275309867,
        "China": 0.002180801034125794,
        "Australia": 0.0021638180441929957,
        "South Korea": 0.0021563189463825717,
        "United Arab Emirates": 0.002090494915006051,
        "Kazakhstan": 0.0020892329990352464,
        "Austria": 0.0020053471179548323,
        "Ireland": 0.0020000342606814017,
        "Poland": 0.0019952360833935235,
        "Germany": 0.001981285288099616,
        "Turkey": 0.0019737761405601586,
        "Mongolia": 0.0019547340445969213
      },
      "country_entropy": 1.3659463905678282,
      "region": "North America",
      "region_confidence": {
        "North America": 0.596557998796084,
        "Europe": 0.3060409651640063,
        "South America": 0.08473916925635878,
        "Japan Korea": 0.00452528636759948,
        "Africa": 0.0033260182053571896,
        "West Asia": 0.002994413715189411
      },
      "region_entropy": 0.9538966183752481,
      "subtype": "H3N8",
      "order": "Equine"
    },
    "TS_NODE_2": {
      "host": "Equine",
      "country": "Usa",
      "country_confidence": {
        "Usa": 0.5740797000063156,
        "Switzerland": 0.33118666771054683,
        "Uruguay": 0.0395051711835774,
        "United Kingdom": 0.008246044130918995,
        "Japan": 0.006909783026206437,
        "Brazil": 0.006627001839224468,
        "Algeria": 0.0034779796834815266,
        "Chile": 0.0024883961529975447,
        "Sweden": 0.0023722196869641627,
        "France": 0.0022917900805246904,
        "South Africa": 0.0020905219665330412,
        "Italy": 0.0019223065454950635,
        "Saudi Arabia": 0.0018181247335532433,
        "Argentina": 0.0016514329751276587,
        "Malaysia": 0.0015454182305906187,
        "Romania": 0.0014273127363975194,
        "China": 0.0011976029123601391,
        "Australia": 0.0011743029364908804,
        "South Korea": 0.0011689945305572923,
        "Kazakhstan": 0.00114455528233536,
        "United Arab Emirates": 0.0011402165103278224,
        "Austria": 0.0011058065357725244,
        "Ireland": 0.0010971433220279207,
        "Poland": 0.0010930332716999733,
        "Germany": 0.0010861183129676827,
        "Turkey": 0.0010809088759202404,
        "Mongolia": 0.0010714468210853473
      },
      "country_entropy": 1.1325687041096848,
      "region": "North America",
      "region_confidence": {
        "North America": 0.6011166776294972,
        "Europe": 0.3642564521772915,
        "South America": 0.030721195092698543,
        "Japan Korea": 0.0014096198116071254,
        "West Asia": 0.001075339951886971
      },
      "region_entropy": 0.8081792920671838,
      "subtype": "H3N8",
      "order": "Equine"
    },
    "A/equine/Miami/1/1963|1963-01-01": {
      "host": "Equine",
      "country": "Usa",
      "country_confidence": {
        "Usa": 1.0
      },
      "country_entropy": -1.000088900581841e-12,
      "region": "North America",
      "region_confidence": {
        "North America": 1.0
      },
      "region_entropy": -1.000088900581841e-12,
      "subtype": "H3N8",
      "order": "Equine"
    },
    "A/equine/Switzerland/2225/1979|1979-01-01": {
      "host": "Equine",
      "country": "Switzerland",
      "country_confidence": {
        "Switzerland": 1.0
      },
      "country_entropy": -1.000088900581841e-12,
      "region": "Europe",
      "region_confidence": {
        "Europe": 1.0
      },
      "region_entropy": -1.000088900581841e-12,
      "subtype": "H3N8",
      "order": "Equine"
    },
    "TS_NODE_4": {
      "host": "Equine",
      "country": "Uruguay",
      "country_confidence": {
        "Uruguay": 0.7275913663429247,
        "Usa": 0.09332550793848113,
        "Brazil": 0.05826847528099922,
        "Switzerland": 0.038703302067992267,
        "United Kingdom": 0.0062000700121023706,
        "Japan": 0.005085770555665622,
        "Chile": 0.003958855080588458,
        "Algeria": 0.0038427758639027715,
        "Sweden": 0.003809834075199288,
        "France": 0.003788177117753036,
        "United Arab Emirates": 0.0037417834349494396,
        "South Africa": 0.0036814796690269012,
        "Italy": 0.0036756298286651857,
        "Saudi Arabia": 0.0034334749574431757,
        "Argentina": 0.0033855736959203255,
        "Romania": 0.0033673128484635185,
        "Malaysia": 0.003317356249508337,
        "China": 0.0033135567012043668,
        "Kazakhstan": 0.0031884567474946145,
        "Australia": 0.0030749943358077533,
        "South Korea": 0.0030717231271193486,
        "Poland": 0.00306116734358478,
        "Ireland": 0.0030573862207491213,
        "Austria": 0.003041405549323609,
        "Germany": 0.0030114200761436572,
        "Turkey": 0.003006063752002036,
        "Mongolia": 0.002997081126984954
      },
      "country_entropy": 1.2054154123676417,
      "region": "South America",
      "region_confidence": {
        "South America": 0.9471565649411885,
        "North America": 0.038969240446544144,
        "Europe": 0.010208494668086774,
        "West Asia": 0.0014412924838377841
      },
      "region_entropy": 0.2511866868909528,
      "subtype": "H3N8",
      "order": "Equine"
    },
    "A/equine/Uruguay/1/1963|1963-01-01": {
      "host": "Equine",
      "country": "Uruguay",
      "country_confidence": {
        "Uruguay": 1.0
      },
      "country_entropy": -1.000088900581841e-12,
      "region": "South America",
      "region_confidence": {
        "South America": 1.0
      },
      "region_entropy": -1.000088900581841e-12,
      "subtype": "H3N8",
      "order": "Equine"
    },
    "TS_NODE_3": {
      "host": "Equine",
      "country": "Brazil",
