{
  "models": {
    "country": {
      "rate": 10.797455636383782,
      "alphabet": [
        "Argentina",
        "Australia",
        "Austria",
        "Belgium",
        "Brazil",
        "Cambodia",
        "Canada",
        "Chile",
        "China",
        "Denmark",
        "France",
        "Germany",
        "Guatemala",
        "Hong Kong",
        "Hungary",
        "Italy",
        "Japan",
        "Kazakhstan",
        "Mexico",
        "Netherlands",
        "Russia",
        "South Korea",
        "Spain",
        "Sri Lanka",
        "Taiwan",
        "Thailand",
        "United Kingdom",
        "Usa",
        "Vietnam",
        "Zambia",
        "?"
      ],
      "equilibrium_probabilities": [
        0.03525862397567844,
        0.03592543371037198,
        0.03699961923634139,
        0.03690221643671877,
        0.022728463775127133,
        0.039374587177469306,
        0.009172399755903619,
        0.033145949054059855,
        0.030573780401461914,
        0.03378454448350239,
        0.03823597022071917,
        0.03326131553043878,
        0.034536267463324596,
        0.04180140700020243,
        0.038624906783916786,
        0.037577590134429024,
        0.03231097903591087,
        0.03788801527596035,
        0.02605314622872297,
        0.03651458486818535,
        0.0295707282620389,
        0.02411083426396012,
        0.03747997238665503,
        0.03554083785925418,
        0.03489871152993588,
        0.03805641004795185,
        0.03700287715169572,
        0.02239484866635511,
        0.035484755659679366,
        0.03479022362402893
      ],
      "transition_matrix": [
        [
          0.0,
          0.9072292349588463,
          0.907668557527136,
          0.9075946431492322,
          0.9050303148231383,
          0.9073275809761121,
          0.9890885444020341,
          0.9105522837269381,
          0.9077105071590127,
          0.9074177465021968,
          0.907318517454414,
          0.8941787638743578,
          0.9077153887164467,
          0.9056852592982148,
          0.9073683885581494,
          0.9016181999432092,
          0.9319714029032835,
          0.9077506598155299,
          0.89984103246104,
          0.9104351996521045,
          0.9073697336493151,
          0.9224912567739809,
          0.9013572184759772,
          0.9091326096759821,
          0.907039666693643,
          0.9041242802153742,
          0.904454774512861,
          1.1635739158519984,
          0.9008634651791761,
          0.9076598422436194
        ],
        [
          0.9072292349588463,
          0.0,
          0.9074977288844267,
          0.907437447483635,
          0.9052769696190937,
          0.9071381687452731,
          0.875238181635597,
          0.9105419785682694,
          0.9073907863744063,
          0.907323021273723,
          0.9071350762123324,
          0.893795167964464,
          0.9076237972245098,
          0.9055119684389068,
          0.9071832930743777,
          0.901334602512273,
          0.9105619445539408,
          0.9075895311777924,
          0.8993608052240861,
          0.9106228926437612,
          0.9068208252096345,
          0.9190957092771096,
          0.9010666957370413,
          0.9080811368626623,
          0.9069335089904476,
          1.082523763248472,
          0.904453315171926,
          1.1234433211607748,
          0.9005007832238363,
          0.907564793798177
        ],
        [
          0.907668557527136,
          0.9074977288844267,
          0.0,
          0.9082430768555835,
          0.9047946016770668,
          0.9076776205923222,
          0.8723986696718793,
          0.9109134525214104,
          0.9074874642775025,
          0.9078941227314324,
          0.907666977270725,
          3.1408730537669127,
          0.9079975587197539,
          0.907993913715019,
          0.9078459660868666,
          0.9016287556767634,
          0.9109870781798869,
          0.9080861068080197,
          0.8990797256478462,
          0.911425857017709,
          0.9070306552294112,
          0.9187641960016657,
          0.9016030709029265,
          0.9085594357617257,
          0.9072893170828783,
          0.9043922703367872,
          0.9045766494448636,
          0.8574460879438538,
          0.90079210470949,
          0.9079455369271149
        ],
        [
          0.9075946431492322,
          0.907437447483635,
          0.9082430768555835,
          0.0,
          0.9048371150078158,
          0.9075813069619408,
          0.8725753350429236,
          0.9108591704864949,
          0.9170435755566911,
          0.9079025031828921,
          1.3609136634155101,
          3.5640863827500424,
          0.9079246351821417,
          1.0009254248435335,
          1.6252404762630417,
          1.547802914735225,
          0.9113915118815594,
          0.907994572874172,
          0.8990914575683205,
          1.5086848978168887,
          0.9070522666500908,
          0.918767071274134,
          0.9096160232739422,
          0.9084987042791213,
          0.9072222525689476,
          0.9129375374259504,
          0.9063233100051393,
          0.8612325216336018,
          0.9013446680769055,
          0.9078698296244817
        ],
        [
          0.9050303148231383,
          0.9052769696190937,
          0.9047946016770668,
          0.9048371150078158,
          0.0,
          0.9043862359770373,
          0.8882765805950472,
          0.9753970021621269,
          0.9069539698696788,
          0.9054269222365761,
          0.9044718588310329,
          0.8966460265346166,
          0.9051693348821704,
          0.9033557471050234,
          0.9044737148613542,
          0.9019611733589649,
          0.9089499599287401,
          0.9050695540880807,
          0.9008012623604769,
          0.9080355690135314,
          0.9064419326061446,
          0.9162691228913797,
          0.9007076095984984,
          0.9060972419085518,
          0.904960771219396,
          0.9043493799793887,
          0.9041264374957334,
          5.295676138930221,
          0.9008502868636078,
          0.9050145984084609
        ],
        [
          0.9073275809761121,
          0.9071381687452731,
          0.9076776205923222,
          0.9075813069619408,
          0.9043862359770373,
          0.0,
          0.8702788921798305,
          0.9107972151761109,
          0.9070358255130757,
          0.9073790715100174,
          0.907288413745836,
          0.8926466262846413,
          0.9076849397468714,
          0.9053435604349037,
          0.907342759536487,
          0.9006768541962734,
          0.9108717927694041,
          0.9077467778982251,
          0.8982827237437598,
          0.9106459740242278,
          0.9067345713666525,
          0.9192426236565369,
          0.9006331265345131,
          0.9083032418963829,
          0.9069273529527664,
          0.9035441116557675,
          0.9039583609171001,
          0.8541500004065915,
          2.2496755204575662,
          0.9076269109042384
        ],
        [
          0.9890885444020341,
          0.875238181635597,
          0.8723986696718793,
          0.8725753350429236,
          0.8882765805950472,
          0.8702788921798305,
          0.0,
          0.8804652504402813,
          0.8857728150345966,
          0.8766875985263465,
          0.8711787216995242,
          0.8730920513221231,
          0.875125919412913,
          0.868185652618827,
          0.8708340888924015,
          0.8721419589844848,
          1.3527177365171608,
          0.8720081689477718,
          3.599804503201421,
          0.8754453927666995,
          0.8850088799523665,
          1.341439088188159,
          0.8704384173130382,
          0.8809563823589818,
          0.8755533253914328,
          0.8746810194333334,
          0.8736252999217602,
          16.04284969724144,
          1.3172428728254473,
          0.8746109398219201
        ],
        [
          0.9105522837269381,
          0.9105419785682694,
          0.9109134525214104,
          0.9108591704864949,
          0.9753970021621269,
          0.9107972151761109,
          0.8804652504402813,
          0.0,
          0.911163153118411,
          0.910548706939827,
          0.9106899006524717,
          0.8978747770531812,
          0.910827276563389,
          0.9096440569906693,
          0.9107713601090617,
          0.9055575792510392,
          0.9144114832063798,
          0.9111306885665174,
          0.9024972444348788,
          0.9138163156061191,
          0.9098955970315742,
          0.9219819276021038,
          0.9049805623598234,
          0.9114651010071598,
          0.9112225676967077,
          0.9080577503079048,
          0.9082121763684521,
          1.6578145643300501,
          0.9043428047056729,
          0.9107840377765388
        ],
        [
          0.9077105071590127,
          0.9073907863744063,
          0.9074874642775025,
          0.9170435755566911,
          0.9069539698696788,
          0.9070358255130757,
          0.8857728150345966,
          0.911163153118411,
          0.0,
          0.9079504562251974,
          0.9071246567965369,
          0.9140646778500726,
          0.9076381122038537,
          8.416826632335198,
          0.9071328507257512,
          1.111961435575421,
          0.9731346959331074,
          0.9076672206852211,
          0.9012303274335288,
          1.0493319189866204,
          0.9118256267365772,
          1.0934344859187168,
          0.902252302874435,
          0.9093181126182545,
          0.9089871945987663,
          0.965616809140414,
          1.03288277939844,
          2.4509087738558053,
          2.7157443377062744,
          0.9075483123132633
        ],
        [
          0.9074177465021968,
          0.907323021273723,
          0.9078941227314324,
          0.9079025031828921,
          0.9054269222365761,
          0.9073790715100174,
          0.8766875985263465,
          0.910548706939827,
          0.9079504562251974,
          0.0,
          0.9074614567908343,
          1.3586659858238233,
          0.9078344010407255,
          0.908112896918082,
          0.9074710237739538,
          0.9021633165509803,
          0.9108004866026068,
          0.9078198680354249,
          0.8998819910876856,
          0.9110776083911356,
          1.070411765699108,
          0.9181595522615099,
          0.902170910558733,
          0.9363890835072718,
          0.9071033479321035,
          0.9045497953674368,
          0.904860926728954,
          1.4243275304043825,
          0.9140691048777074,
          0.9076981502502763
        ],
        [
          0.907318517454414,
          0.9071350762123324,
          0.907666977270725,
          1.3609136634155101,
          0.9044718588310329,
          0.907288413745836,
          0.8711787216995242,
          0.9106899006524717,
          0.9071246567965369,
          0.9074614567908343,
          0.0,
          2.233321568559087,
          0.907665550026617,
          0.9069721430533687,
          0.907488609186112,
          0.9013207673210736,
          0.9107696471531808,
          0.9077239778653198,
          0.8985399653142769,
          0.9110586581640999,
          0.9066397443807079,
          0.9188909412641849,
          0.9009529200778158,
          0.90821592730807,
          0.9069305522401258,
          0.9038317664478052,
          0.9040884437629259,
          0.8555848441891521,
          0.9001979736461512,
          0.9076095777407831
        ],
        [
          0.8941787638743578,
          0.893795167964464,
          3.1408730537669127,
          3.5640863827500424,
          0.8966460265346166,
          0.8926466262846413,
          0.8730920513221231,
          0.8978747770531812,
          0.9140646778500726,
          1.3586659858238233,
          2.233321568559087,
          0.0,
          0.8947778695920436,
          1.0616529027814352,
          1.664692536074057,
          3.0197714889960796,
          0.899750290643193,
          0.893559173207234,
          0.8902228083568386,
          5.2380267807647956,
          0.9649120536631758,
          0.9084506959191044,
          5.9492011453061755,
          0.9070732205810917,
          0.8940172525975367,
          0.9114192173153981,
          0.8959354455076185,
          0.9055351986555258,
          0.893882955350791,
          0.8946095746952772
        ],
        [
          0.9077153887164467,
          0.9076237972245098,
          0.9079975587197539,
          0.9079246351821417,
          0.9051693348821704,
          0.9076849397468714,
          0.875125919412913,
          0.910827276563389,
          0.9076381122038537,
          0.9078344010407255,
          0.907665550026617,
          0.8947778695920436,
          0.0,
          0.906202132148121,
          0.9077169674213545,
          0.9020436234829091,
          0.9108292005078175,
          0.9081171018828906,
          0.899734335634747,
          0.91083010325131,
          0.9386016291237933,
          0.9182481066095032,
          0.9018134177538261,
          0.9093938023486542,
          0.9073587341546201,
          0.9046872487970519,
          0.9049687047363212,
          1.3211619391126639,
          0.9013917877603675,
          0.9080179790321042
        ],
        [
          0.9056852592982148,
          0.9055119684389068,
          0.907993913715019,
          1.0009254248435335,
          0.9033557471050234,
          0.9053435604349037,
          0.868185652618827,
          0.9096440569906693,
          8.416826632335198,
          0.908112896918082,
          0.9069721430533687,
          1.0616529027814352,
          0.906202132148121,
          0.0,
          0.9066675475147746,
          0.9076392729503289,
          0.91071022085061,
          0.9058944056234719,
          0.8966450745776299,
          1.0388951041097567,
          0.9081082823214971,
          0.919930098970447,
          0.9034014740316844,
          0.9068670311278283,
          0.9052889052136395,
          0.910344773755732,
          0.9063268155439763,
          1.2853844985245444,
          1.7991776769109025,
          0.9060881894065436
        ],
        [
          0.9073683885581494,
          0.9071832930743777,
          0.9078459660868666,
          1.6252404762630417,
          0.9044737148613542,
          0.907342759536487,
          0.8708340888924015,
          0.9107713601090617,
          0.9071328507257512,
          0.9074710237739538,
          0.907488609186112,
          1.664692536074057,
          0.9077169674213545,
          0.9066675475147746,
          0.0,
          0.9012287219007505,
          0.9108479580682527,
          0.9077795456443389,
          0.8984871344128709,
          0.9116314554518415,
          0.9066325650421891,
          0.919041058126816,
          0.9011912624605473,
          0.9082634941387543,
          0.9069745027590728,
          0.9038002389307436,
          0.9040908809909304,
          0.8550631916450889,
          0.9001621859768181,
          0.9076606834779066
        ],
        [
          0.9016181999432092,
          0.901334602512273,
          0.9016287556767634,
          1.547802914735225,
          0.9019611733589649,
          0.9006768541962734,
          0.8721419589844848,
          0.9055575792510392,
          1.111961435575421,
          0.9021633165509803,
          0.9013207673210736,
          3.0197714889960796,
          0.9020436234829091,
          0.9076392729503289,
          0.9012287219007505,
          0.0,
          1.373359585915441,
          0.9016684602755971,
          0.8950702713466143,
          0.983109848270328,
          0.9026900276979304,
          0.9160099179340386,
          0.8957085495200883,
          0.9025051526609807,
          0.9016623773599334,
          0.9364837633328281,
          1.1522510049570964,
          1.0115521304573207,
          0.8955101534233414,
          0.9019296736772433
        ],
        [
          0.9319714029032835,
          0.9105619445539408,
          0.9109870781798869,
          0.9113915118815594,
          0.9089499599287401,
          0.9108717927694041,
          1.3527177365171608,
          0.9144114832063798,
          0.9731346959331074,
          0.9108004866026068,
          0.9107696471531808,
          0.899750290643193,
          0.9108292005078175,
          0.91071022085061,
          0.9108479580682527,
          1.373359585915441,
          0.0,
          0.9112119933876338,
          0.9026494104765158,
          0.9188299274199856,
          0.9181501270941353,
          0.9438646691555681,
          0.9052274664480244,
          0.9300972312095082,
          0.9102662132712294,
          0.9105451593373086,
          0.9258129220133748,
          1.7264799846027281,
          0.9052982447151459,
          0.9107802840325377
        ],
        [
          0.9077506598155299,
          0.9075895311777924,
          0.9080861068080197,
          0.907994572874172,
          0.9050695540880807,
          0.9077467778982251,
          0.8720081689477718,
          0.9111306885665174,
          0.9076672206852211,
          0.9078198680354249,
          0.9077239778653198,
          0.893559173207234,
          0.9081171018828906,
          0.9058944056234719,
          0.9077795456443389,
          0.9016684602755971,
          0.9112119933876338,
          0.0,
          0.8990758206529585,
          0.911098195438638,
          1.0128003026629744,
          0.9193269309177805,
          0.9013034078817528,
          0.9086972668103026,
          0.9073900368512329,
          0.9043665211747373,
          1.3708801928081875,
          0.9073177985359359,
          0.9007221609063057,
          0.908058696466923
        ],
        [
          0.89984103246104,
          0.8993608052240861,
          0.8990797256478462,
          0.8990914575683205,
          0.9008012623604769,
          0.8982827237437598,
          3.599804503201421,
          0.9024972444348788,
          0.9012303274335288,
          0.8998819910876856,
          0.8985399653142769,
          0.8902228083568386,
          0.899734335634747,
          0.8966450745776299,
          0.8984871344128709,
          0.8950702713466143,
          0.9026494104765158,
          0.8990758206529585,
          0.0,
          0.9019095005079513,
          0.9009416568837219,
          0.9567810478637856,
          0.8943876980071853,
          0.9002641459278803,
          0.8992407878079817,
          0.8972840111227104,
          0.8974179689847726,
          3.077605095788636,
          0.8947650966397761,
          0.8995972286252915
        ],
        [
          0.9104351996521045,
          0.9106228926437612,
          0.911425857017709,
          1.5086848978168887,
          0.9080355690135314,
          0.9106459740242278,
          0.8754453927666995,
          0.9138163156061191,
          1.0493319189866204,
          0.9110776083911356,
          0.9110586581640999,
          5.2380267807647956,
          0.91083010325131,
          1.0388951041097567,
          0.9116314554518415,
          0.983109848270328,
          0.9188299274199856,
          0.911098195438638,
          0.9019095005079513,
          0.0,
          0.9102249736660991,
          0.9222084734368952,
          0.9070354094463179,
          0.9114359769807737,
          0.9102607046756458,
          1.1672770448196932,
          0.9444945155816874,
          0.9579635174591129,
          0.9054486923453867,
          0.9107838485732055
        ],
        [
          0.9073697336493151,
          0.9068208252096345,
          0.9070306552294112,
          0.9070522666500908,
          0.9064419326061446,
          0.9067345713666525,
          0.8850088799523665,
          0.9098955970315742,
          0.9118256267365772,
          1.070411765699108,
          0.9066397443807079,
          0.9649120536631758,
          0.9386016291237933,
          0.9081082823214971,
          0.9066325650421891,
          0.9026900276979304,
          0.9181501270941353,
          1.0128003026629744,
          0.9009416568837219,
          0.9102249736660991,
          0.0,
          0.9184592035621837,
          0.9019484093635907,
          1.1429386313926957,
          0.9066439084163709,
          0.9049204107256581,
          1.1539461741537613,
          2.399398915535544,
          1.1498655008120944,
          0.909537555857819
        ],
        [
          0.9224912567739809,
          0.9190957092771096,
          0.9187641960016657,
          0.918767071274134,
          0.9162691228913797,
          0.9192426236565369,
          1.341439088188159,
          0.9219819276021038,
          1.0934344859187168,
          0.9181595522615099,
          0.9188909412641849,
          0.9084506959191044,
          0.9182481066095032,
          0.919930098970447,
          0.919041058126816,
          0.9160099179340386,
          0.9438646691555681,
          0.9193269309177805,
          0.9567810478637856,
          0.9222084734368952,
          0.9184592035621837,
          0.0,
          0.9144848348841492,
          0.9217691736696081,
          0.9180949509995361,
          0.9186569719652676,
          0.9179084401267205,
          4.402339493348666,
          0.9167862896792571,
          0.9182104936933969
        ],
        [
          0.9013572184759772,
          0.9010666957370413,
          0.9016030709029265,
          0.9096160232739422,
          0.9007076095984984,
          0.9006331265345131,
          0.8704384173130382,
          0.9049805623598234,
          0.902252302874435,
          0.902170910558733,
          0.9009529200778158,
          5.9492011453061755,
          0.9018134177538261,
          0.9034014740316844,
          0.9011912624605473,
          0.8957085495200883,
          0.9052274664480244,
          0.9013034078817528,
          0.8943876980071853,
          0.9070354094463179,
          0.9019484093635907,
          0.9144848348841492,
          0.0,
          0.9022523988114951,
          0.9010410723895032,
          0.8979097188859756,
          0.8980214061841524,
          0.853504439647271,
          0.8945100033173885,
          0.9017156702416754
        ],
        [
          0.9091326096759821,
          0.9080811368626623,
          0.9085594357617257,
          0.9084987042791213,
          0.9060972419085518,
          0.9083032418963829,
          0.8809563823589818,
          0.9114651010071598,
          0.9093181126182545,
          0.9363890835072718,
          0.90821592730807,
          0.9070732205810917,
          0.9093938023486542,
          0.9068670311278283,
          0.9082634941387543,
          0.9025051526609807,
          0.9300972312095082,
          0.9086972668103026,
          0.9002641459278803,
          0.9114359769807737,
          1.1429386313926957,
          0.9217691736696081,
          0.9022523988114951,
          0.0,
          0.9079160568835745,
          0.9050533123066286,
          0.9054510504532187,
          1.175527278889749,
          0.9423644299776311,
          0.9085445716892911
        ],
        [
          0.907039666693643,
          0.9069335089904476,
          0.9072893170828783,
          0.9072222525689476,
          0.904960771219396,
          0.9069273529527664,
          0.8755533253914328,
          0.9112225676967077,
          0.9089871945987663,
          0.9071033479321035,
          0.9069305522401258,
          0.8940172525975367,
          0.9073587341546201,
          0.9052889052136395,
          0.9069745027590728,
          0.9016623773599334,
          0.9102662132712294,
          0.9073900368512329,
          0.8992407878079817,
          0.9102607046756458,
          0.9066439084163709,
          0.9180949509995361,
          0.9010410723895032,
          0.9079160568835745,
          0.0,
          0.9039611673242219,
          0.9043854019388349,
          1.284507126991888,
          0.9005357714309455,
          0.9072945931373776
        ],
        [
          0.9041242802153742,
          1.082523763248472,
          0.9043922703367872,
          0.9129375374259504,
          0.9043493799793887,
          0.9035441116557675,
          0.8746810194333334,
          0.9080577503079048,
          0.965616809140414,
          0.9045497953674368,
          0.9038317664478052,
          0.9114192173153981,
          0.9046872487970519,
          0.910344773755732,
          0.9038002389307436,
          0.9364837633328281,
          0.9105451593373086,
          0.9043665211747373,
          0.8972840111227104,
          1.1672770448196932,
          0.9049204107256581,
          0.9186569719652676,
          0.8979097188859756,
          0.9050533123066286,
          0.9039611673242219,
          0.0,
          1.3721459729539065,
          1.3313565832586904,
          0.8979190573469582,
          0.9045877132142498
        ],
        [
          0.904454774512861,
          0.904453315171926,
          0.9045766494448636,
          0.9063233100051393,
          0.9041264374957334,
          0.9039583609171001,
          0.8736252999217602,
          0.9082121763684521,
          1.03288277939844,
          0.904860926728954,
          0.9040884437629259,
          0.8959354455076185,
          0.9049687047363212,
          0.9063268155439763,
          0.9040908809909304,
          1.1522510049570964,
          0.9258129220133748,
          1.3708801928081875,
          0.8974179689847726,
          0.9444945155816874,
          1.1539461741537613,
          0.9179084401267205,
          0.8980214061841524,
          0.9054510504532187,
          0.9043854019388349,
          1.3721459729539065,
          0.0,
          1.0805871269042129,
          0.8982905983341383,
          0.9048730289880691
        ],
        [
          1.1635739158519984,
          1.1234433211607748,
          0.8574460879438538,
          0.8612325216336018,
          5.295676138930221,
          0.8541500004065915,
          16.04284969724144,
          1.6578145643300501,
          2.4509087738558053,
          1.4243275304043825,
          0.8555848441891521,
          0.9055351986555258,
          1.3211619391126639,
          1.2853844985245444,
          0.8550631916450889,
          1.0115521304573207,
          1.7264799846027281,
          0.9073177985359359,
          3.077605095788636,
          0.9579635174591129,
          2.399398915535544,
          4.402339493348666,
          0.853504439647271,
          1.175527278889749,
          1.284507126991888,
          1.3313565832586904,
          1.0805871269042129,
          0.0,
          1.0248051781760457,
          1.2879663348814658
        ],
        [
          0.9008634651791761,
          0.9005007832238363,
          0.90079210470949,
          0.9013446680769055,
          0.9008502868636078,
          2.2496755204575662,
          1.3172428728254473,
          0.9043428047056729,
          2.7157443377062744,
          0.9140691048777074,
          0.9001979736461512,
          0.893882955350791,
          0.9013917877603675,
          1.7991776769109025,
          0.9001621859768181,
          0.8955101534233414,
          0.9052982447151459,
          0.9007221609063057,
          0.8947650966397761,
          0.9054486923453867,
          1.1498655008120944,
          0.9167862896792571,
          0.8945100033173885,
          0.9423644299776311,
          0.9005357714309455,
          0.8979190573469582,
          0.8982905983341383,
          1.0248051781760457,
          0.0,
          0.9011604774755771
        ],
        [
          0.9076598422436194,
          0.907564793798177,
          0.9079455369271149,
          0.9078698296244817,
          0.9050145984084609,
          0.9076269109042384,
          0.8746109398219201,
          0.9107840377765388,
          0.9075483123132633,
          0.9076981502502763,
          0.9076095777407831,
          0.8946095746952772,
          0.9080179790321042,
          0.9060881894065436,
          0.9076606834779066,
          0.9019296736772433,
          0.9107802840325377,
          0.908058696466923,
          0.8995972286252915,
          0.9107838485732055,
          0.909537555857819,
          0.9182104936933969,
          0.9017156702416754,
          0.9085445716892911,
          0.9072945931373776,
          0.9045877132142498,
          0.9048730289880691,
          1.2879663348814658,
          0.9011604774755771,
          0.0
        ]
      ]
    },
    "region": {
      "rate": 3.669179620581374,
      "alphabet": [
        "Africa",
        "China",
        "Europe",
        "Japan Korea",
        "North America",
        "Oceania",
        "South America",
        "South Asia",
        "Southeast Asia",
        "West Asia",
        "?"
      ],
      "equilibrium_probabilities": [
        0.09261239879952232,
        0.10862759076690805,
        0.1241663762943494,
        0.06302330723812002,
        0.15888585259813526,
        0.09745579409082035,
        0.068970031469522,
        0.10550981423482836,
        0.10777633335300138,
        0.07297250115479287
      ],
      "transition_matrix": [
        [
          0.0,
          0.7425241563620385,
          0.6848653469800152,
          0.7652610254094826,
          0.8829141515004815,
          0.7690741597418769,
          0.7563699041605838,
          0.7706947404035889,
          0.7284311119580191,
          0.7710563416729256
        ],
        [
          0.7425241563620385,
          0.0,
          1.2627229107272844,
          1.2833115026159105,
          1.7013544972778638,
          0.7405475136255463,
          0.7412643453831423,
          0.7402889066319136,
          2.801619406771455,
          0.7548633314076968
        ],
        [
          0.6848653469800152,
          1.2627229107272844,
          0.0,
          1.070847514665191,
          0.8964963503866137,
          0.6796984835977481,
          0.6905094555041831,
          0.7022629697083067,
          1.2777416289843473,
          1.3539258805053713
        ],
        [
          0.7652610254094826,
          1.2833115026159105,
          1.070847514665191,
          0.0,
          4.215983944779783,
          0.7648048654538054,
          1.0352824571010302,
          0.9914275457777011,
          0.7582682519815388,
          0.8857766270830341
        ],
        [
          0.8829141515004815,
          1.7013544972778638,
          0.8964963503866137,
          4.215983944779783,
          0.0,
          0.7567936702717135,
          4.252201300041945,
          0.603894882579852,
          1.078575622579899,
          1.6072343825401345
        ],
        [
          0.7690741597418769,
          0.7405475136255463,
          0.6796984835977481,
          0.7648048654538054,
          0.7567936702717135,
          0.0,
          0.7551402358074147,
          0.7691775635330655,
          0.8825756254087945,
          0.7637523030785112
        ],
        [
          0.7563699041605838,
          0.7412643453831423,
          0.6905094555041831,
          1.0352824571010302,
          4.252201300041945,
          0.7551402358074147,
          0.0,
          0.7551675854066121,
          0.7246568843839473,
          0.7559253469585072
        ],
        [
          0.7706947404035889,
          0.7402889066319136,
          0.7022629697083067,
          0.9914275457777011,
          0.603894882579852,
          0.7691775635330655,
          0.7551675854066121,
          0.0,
          0.7532893493621624,
          1.139343540159824
        ],
        [
          0.7284311119580191,
          2.801619406771455,
          1.2777416289843473,
          0.7582682519815388,
          1.078575622579899,
          0.8825756254087945,
          0.7246568843839473,
          0.7532893493621624,
          0.0,
          1.0567335872353274
        ],
        [
          0.7710563416729256,
          0.7548633314076968,
          1.3539258805053713,
          0.8857766270830341,
          1.6072343825401345,
          0.7637523030785112,
          0.7559253469585072,
          1.139343540159824,
          1.0567335872353274,
          0.0
        ]
      ]
    },
    "subtype": {
      "rate": 7.633956390265704,
      "alphabet": [
        "H3N1",
        "H3N2",
        "?"
      ],
      "equilibrium_probabilities": [
        0.07492190556725531,
        0.9250780944327447
      ],
      "transition_matrix": [
        [
          0.0,
          7.21411053818651
        ],
        [
          7.21411053818651,
          0.0
        ]
      ]
    }
  },
  "nodes": {
    "NODE_0002008": {
      "host": "Swine",
      "country": "Japan",
      "country_confidence": {
        "Japan": 0.9279193546473562,
        "Italy": 0.06338132704092264,
        "Usa": 0.0010222601336179467
      },
      "country_entropy": 0.3128165815416577,
      "region": "Japan Korea",
      "region_confidence": {
        "Japan Korea": 0.9220645863278873,
        "Europe": 0.07413810236832039,
        "North America": 0.0019132004155051896
      },
      "region_entropy": 0.29496177384741645,
      "subtype": "H3N2",
      "subtype_confidence": {
        "H3N2": 0.9968972909643297,
        "H3N1": 0.003102709035670197
      },
      "subtype_entropy": 0.02101752359303969,
      "order": "Swine"
    },
    "A/swine/Wadayama/5/1969|1969-01-01": {
      "host": "Swine",
      "country": "Japan",
      "country_confidence": {
        "Japan": 1.0
      },
      "country_entropy": -1.000088900581841e-12,
      "region": "Japan Korea",
      "region_confidence": {
        "Japan Korea": 1.0
      },
      "region_entropy": -1.000088900581841e-12,
      "subtype": "H3N2",
      "subtype_confidence": {
        "H3N2": 1.0
      },
      "subtype_entropy": -1.000088900581841e-12,
      "order": "Swine"
    },
    "NODE_0000026": {
      "host": "Swine",
      "country": "Japan",
      "country_confidence": {
        "Japan": 0.8327952939446155,
        "Italy": 0.14843723810945667,
        "Usa": 0.0023288438500939407,
        "China": 0.0019604803531092295,
        "United Kingdom": 0.0017601616421546121,
        "Germany": 0.0014096299426614226
      },
      "country_entropy": 0.5685758828938313,
      "region": "Japan Korea",
      "region_confidence": {
        "Japan Korea": 0.819153073883925,
        "Europe": 0.1729649673731128,
        "North America": 0.003961192633020202,
        "China": 0.0011747576515609706
      },
      "region_entropy": 0.5177292567427904,
      "subtype": "H3N2",
      "subtype_confidence": {
        "H3N2": 0.9931714093420682,
        "H3N1": 0.006828590657931818
      },
      "subtype_entropy": 0.040856925224781265,
      "order": "Swine"
    },
    "A/swine/Hong_Kong/126/1982|1982-XX-XX": {
      "host": "Swine",
      "country": "Japan",
      "country_confidence": {
        "Japan": 0.500938682728205,
        "Italy": 0.10289898657883217,
        "Hong Kong": 0.01737006313594292,
        "Germany": 0.016811694705100137,
        "Belgium": 0.016450252845373273,
        "United Kingdom": 0.016447343834109802,
        "Cambodia": 0.016034304034145134,
        "Hungary": 0.01577758105901232,
        "Thailand": 0.015663559031570594,
        "France": 0.01563877801671273,
        "Kazakhstan": 0.015454404201403673,
        "Spain": 0.015410943507367502,
        "Netherlands": 0.0154018975375189,
        "Austria": 0.015167430563239286,
        "Sri Lanka": 0.014696164537214123,
        "Australia": 0.014648676700942406,
        "Argentina": 0.014596593655139664,
        "Usa": 0.014486253165886705,
        "Vietnam": 0.014468736524574,
        "Taiwan": 0.014239400103888461,
        "Zambia": 0.014200833131291807,
        "Guatemala": 0.014100375352708121,
        "China": 0.014056232695322671,
        "Denmark": 0.013819420523511117,
        "Chile": 0.013597407375110235,
        "Russia": 0.012211182789139675,
        "Mexico": 0.01068855404298336,
        "South Korea": 0.010248190162030194,
        "Brazil": 0.009454575756108332,
        "Canada": 0.005021481705615488
      },
      "country_entropy": 2.259635259515977,
      "region": "Japan Korea",
      "region_confidence": {
        "Japan Korea": 0.6308155156813211,
        "Europe": 0.16665613479139485,
        "North America": 0.09069644747518625,
        "China": 0.024754906176045737,
        "South Asia": 0.01747414147446642,
        "Southeast Asia": 0.01710239887898536,
        "South America": 0.01338564576787518,
        "Oceania": 0.013281456614070663,
        "West Asia": 0.01311042392988706,
        "Africa": 0.01272292921076734
      },
      "region_entropy": 1.2663029297566006,
      "subtype": "H3N2",
      "subtype_confidence": {
        "H3N2": 0.9289630998176771,
        "H3N1": 0.07103690018232306
      },
      "subtype_entropy": 0.25631286522588753,
      "order": "Swine"
    },
    "NODE_0000025": {
      "host": "Swine",
      "country": "Italy",
      "country_confidence": {
        "Italy": 0.8836073787912608,
        "Japan": 0.08017855837532185,
        "Usa": 0.010968073696101234,
        "China": 0.009375515466228291,
        "United Kingdom": 0.007286085018840839,
        "Germany": 0.0015098178595191582,
        "Netherlands": 0.0012115622137536732
      },
      "country_entropy": 0.5064225363325192,
      "region": "Europe",
      "region_confidence": {
        "Europe": 0.996587954306727,
        "Japan Korea": 0.00311931833733759
      },
      "region_entropy": 0.0241881966157047,
      "subtype": "H3N2",
      "subtype_confidence": {
        "H3N2": 0.9778873450715794,
        "H3N1": 0.022112654928420492
      },
      "subtype_entropy": 0.10615105871256524,
      "order": "Swine"
    },
    "A/swine/Italy/1850/1977|1977-01-01": {
      "host": "Swine",
      "country": "Italy",
      "country_confidence": {
        "Italy": 1.0
      },
      "country_entropy": -1.000088900581841e-12,
      "region": "Europe",
      "region_confidence": {
        "Europe": 1.0
      },
      "region_entropy": -1.000088900581841e-12,
      "subtype": "H3N2",
      "subtype_confidence": {
        "H3N2": 1.0
      },
      "subtype_entropy": -1.000088900581841e-12,
      "order": "Swine"
    },
    "NODE_0000024": {
      "host": "Swine",
      "country": "Italy",
      "country_confidence": {
        "Italy": 0.8837194773778478,
        "Japan": 0.06989084251168169,
        "Usa": 0.014305981728577572,
        "China": 0.012427947081024427,
        "United Kingdom": 0.009538252801972302,
        "Germany": 0.0016922175501378073,
        "Netherlands": 0.0015786850702706947,
        "Hong Kong": 0.0010030146451838733
      },
      "country_entropy": 0.53034273588372,
      "region": "Europe",
      "region_confidence": {
        "Europe": 0.9992968938571366
      },
      "region_entropy": 0.006403815185579786,
      "subtype": "H3N2",
      "subtype_confidence": {
        "H3N2": 0.9755402737382648,
        "H3N1": 0.02445972626173521
      },
      "subtype_entropy": 0.11492149289821546,
      "order": "Swine"
    },
    "A/swine/Italy/6/1981|1981-01-01": {
      "host": "Swine",
      "country": "Italy",
      "country_confidence": {
        "Italy": 1.0
      },
      "country_entropy": -1.000088900581841e-12,
      "region": "Europe",
      "region_confidence": {
        "Europe": 1.0
      },
      "region_entropy": -1.000088900581841e-12,
      "subtype": "H3N2",
      "subtype_confidence": {
        "H3N2": 1.0
      },
      "subtype_entropy": -1.000088900581841e-12,
      "order": "Swine"
    },
    "NODE_0000023": {
      "host": "Swine",
      "country": "Italy",
      "country_confidence": {
        "Italy": 0.39326832417956464,
        "China": 0.19134120935223553,
        "Usa": 0.1568998310112527,
        "United Kingdom": 0.14051668364916586,
