{
  "models": {
    "country": {
      "rate": 20.225549515831123,
      "alphabet": [
        "Australia",
        "Bangladesh",
        "Belgium",
        "Cambodia",
        "Canada",
        "China",
        "Czech Republic",
        "Egypt",
        "France",
        "Georgia",
        "Germany",
        "Hong Kong",
        "Hungary",
        "Iceland",
        "India",
        "Indonesia",
        "Iran",
        "Italy",
        "Japan",
        "Kazakhstan",
        "Laos",
        "Luxembourg",
        "Malaysia",
        "Mongolia",
        "Netherlands",
        "New Zealand",
        "Norway",
        "Pakistan",
        "Russia",
        "South Africa",
        "South Korea",
        "Sweden",
        "Taiwan",
        "Thailand",
        "Ukraine",
        "Usa",
        "Vietnam",
        "Zambia",
        "?"
      ],
      "equilibrium_probabilities": [
        0.02808582594973058,
        0.027750730772006692,
        0.027377529441189246,
        0.02663167959961083,
        0.02814874331584867,
        0.02306307505456493,
        0.02840165490306485,
        0.02916269831448648,
        0.028660677503308425,
        0.027921813498224226,
        0.02834567688949911,
        0.026750650015504085,
        0.028729545580992763,
        0.02825073412006589,
        0.0281770167446932,
        0.02769120770813327,
        0.029090048258070624,
        0.028363236739050737,
        0.015632131562105953,
        0.02900950398413132,
        0.02953122054295983,
        0.029053894091750035,
        0.02873048422728164,
        0.010928514894885475,
        0.022945178711006965,
        0.027726054228197423,
        0.029658841272051185,
        0.02887792405524276,
        0.017130348839485394,
        0.029335091639135634,
        0.01792175520060389,
        0.028526262854061922,
        0.025082885701076675,
        0.028724714698847992,
        0.028728943568326067,
        0.02547283800259136,
        0.01694059824886015,
        0.029440269269353725
      ],
      "transition_matrix": [
        [
          0.0,
          0.9492910819531409,
          0.9498551221881004,
          0.951140644073585,
          0.949332744178536,
          1.2833912198226431,
          0.950584803414971,
          0.9504245555237143,
          0.9510247970828608,
          0.9504915231769131,
          0.9513273726327703,
          0.9511020968417414,
          0.9504249158906353,
          0.9512313123439785,
          0.9503468184225156,
          0.9469455296665042,
          0.9502546657582652,
          0.9503634848016133,
          0.9499893346487558,
          0.9503955199392773,
          0.9503392720975758,
          0.9504172963997876,
          0.9504180986392179,
          0.9471105746013935,
          0.9445673332438438,
          1.1233078157516823,
          0.9504784737724187,
          0.9511068417612117,
          0.9454771475337826,
          0.9505275496368637,
          0.9484271041211103,
          0.9513115902622893,
          0.9512641564500945,
          0.9502335589380158,
          0.9504246847472898,
          0.9461409381730964,
          0.9468254882591495,
          0.9497673887986984
        ],
        [
          0.9492910819531409,
          0.0,
          0.9510471981201234,
          0.9517446435490079,
          0.950345795957712,
          0.9265913517405936,
          0.9516653271616495,
          1.2410008805903747,
          0.9520152088660288,
          0.9517290966457843,
          0.9534255466346342,
          0.9515568262612428,
          0.9514557713408993,
          0.9521424344993371,
          0.9514206692337519,
          0.9474401043734199,
          0.9513594358032798,
          0.9513836154956352,
          0.948916345060759,
          0.9698331099226352,
          0.9513941501443547,
          0.9515159744946042,
          0.9514489235307332,
          4.092900495441237,
          0.950921959778864,
          0.9524038817422134,
          0.9515719997375054,
          0.9532346801329671,
          3.113858134008081,
          0.9515818235363503,
          0.9447449010826816,
          0.9533657683679725,
          0.9513450553815687,
          0.9513779675358368,
          0.9514553694129119,
          0.9465088254953673,
          0.9446318623563572,
          0.9508755656276706
        ],
        [
          0.9498551221881004,
          0.9510471981201234,
          0.0,
          0.9520629598974182,
          0.9508596333132959,
          0.951158137438394,
          0.9575279373615261,
          0.9521499687056187,
          0.9546179222127258,
          1.396225686267467,
          0.9542263702020404,
          0.9520408089047971,
          0.9519863562838996,
          0.9540137744659872,
          0.9640612780778237,
          0.9479737460647818,
          0.9518328893352128,
          0.9519413280782256,
          0.9491427186607386,
          0.9520100063483413,
          0.9519177615554831,
          0.9519879791756439,
          0.95219055820353,
          0.9458105805404744,
          3.2722793557419396,
          0.9529226415874107,
          0.9524483069983294,
          0.9536316916114969,
          2.791567893268011,
          0.952592586659764,
          0.9463123541402442,
          0.9538754579546783,
          0.9515168168465781,
          0.951759822571399,
          0.9519861978947385,
          0.9469427525615111,
          0.9449555421777018,
          0.9520911193350069
        ],
        [
          0.951140644073585,
          0.9517446435490079,
          0.9520629598974182,
          0.0,
          0.9516857689388031,
          1.4044595792728403,
          0.9529105054077806,
          0.9528313258461625,
          0.9533527755745647,
          0.9528003511523843,
          0.9536817340825616,
          0.9527944595428484,
          0.9527827568215713,
          0.953516462486194,
          0.9525909841639465,
          0.9489360757968701,
          0.9526495304477984,
          0.9526955825930968,
          0.951212521568133,
          0.9527936630186524,
          0.9527606328750443,
          0.9528013265598881,
          0.9527763201862962,
          1.2086418893193636,
          0.94650543693849,
          0.9541042637147935,
          0.9529119022643726,
          0.9534949868078172,
          1.1167462269162158,
          0.952915491628887,
          0.9459082127412042,
          0.9536705316452687,
          0.9821110875360319,
          0.9526025904553971,
          0.9527824578901356,
          0.9473303494797344,
          0.9453609747054423,
          0.9522363947006623
        ],
        [
          0.949332744178536,
          0.950345795957712,
          0.9508596333132959,
          0.9516857689388031,
          0.0,
          0.924643938322448,
          0.9517352079649365,
          0.9516061053063958,
          0.9520153664338238,
          0.9516269676055741,
          0.9535690850263833,
          0.9516844146893136,
          0.9515914263371924,
          0.9522132142376606,
          0.951383884206683,
          0.9474794874599963,
          0.9514303886365504,
          0.9515146494573111,
          0.9487419407462039,
          0.9515710098410002,
          0.9515347972429455,
          0.9515920008544363,
          0.9515846052698335,
          0.9442430590561246,
          0.9451503538086031,
          0.9524930085040916,
          0.9516872125422728,
          0.9527460484791269,
          0.9445464907870896,
          0.9517040992097944,
          0.9446711048476025,
          0.9534048656533183,
          0.9510460424875798,
          0.9513827247929384,
          0.9515911407876281,
          3.3362259425478875,
          0.9442597081969344,
          0.950984195872936
        ],
        [
          1.2833912198226431,
          0.9265913517405936,
          0.951158137438394,
          1.4044595792728403,
          0.924643938322448,
          0.0,
          0.9269934250193189,
          0.9242618611549415,
          0.9837397418936377,
          0.9269071820175488,
          0.9457350047330936,
          1.3897472611409978,
          0.925143247957469,
          1.000678933979506,
          0.9378996517765896,
          1.3745777075637902,
          0.9239657871168766,
          0.92625859698775,
          3.912384046461946,
          0.9246886226423636,
          0.923662341651664,
          0.9241227409141415,
          0.925138041155976,
          7.600639450959592,
          1.4548661115296069,
          1.2224978358753416,
          0.9238039631990544,
          0.9538432985751896,
          3.4757371100160634,
          0.9243502130021742,
          5.0292761327941715,
          0.9502098256294856,
          2.008921337006583,
          0.9244204495612415,
          0.9251445163633788,
          2.270160909869443,
          5.882741956671494,
          0.9241474597992708
        ],
        [
          0.950584803414971,
          0.9516653271616495,
          0.9575279373615261,
          0.9529105054077806,
          0.9517352079649365,
          0.9269934250193189,
          0.0,
          0.9529752188165393,
          0.9543332488270513,
          1.2831509240096655,
          0.9627491213660548,
          0.9529113613667294,
          0.9529664477784373,
          0.9541973666411699,
          0.9526876285627265,
          0.9486942716177527,
          0.9527696614365936,
          0.9532056971238718,
          0.9493640634926127,
          0.952906959438985,
          0.95288578151465,
          0.9529315139173781,
          0.9529595863073521,
          0.9447934728080359,
          2.165542138495425,
          0.9537667424310445,
          1.116935981231715,
          0.9541065416681836,
          0.9861462132862373,
          0.9533216611858522,
          0.9458531301886077,
          0.954379710952045,
          0.9521727111256134,
          0.9526939738737596,
          0.9529662353890521,
          0.9471041600261113,
          0.9449357564517052,
          0.952746046879604
        ],
        [
          0.9504245555237143,
          1.2410008805903747,
          0.9521499687056187,
          0.9528313258461625,
          0.9516061053063958,
          0.9242618611549415,
          0.9529752188165393,
          0.0,
          0.9532760261556458,
          0.9529269132984264,
          0.9537591691959849,
          0.9528181013261049,
          0.95280946115071,
          0.9534390328828246,
          0.9526420649611679,
          0.9484876275992035,
          0.9526967691658429,
          0.9527143542273546,
          0.9492994338887645,
          0.9528678007745781,
          0.9527852384279651,
          0.9528617658150697,
          0.9528023795951942,
          0.9529024549392959,
          0.9503768040432763,
          0.9536917703632708,
          0.9529627036297651,
          0.9534784350309968,
          1.7341216597440121,
          0.9529679801845348,
          0.9449778223390471,
          0.9536855107378915,
          0.9521692268734769,
          0.9525937068414545,
          0.952809098995953,
          0.9465459031029089,
          0.9446259927286027,
          0.9522284107757442
        ],
        [
          0.9510247970828608,
          0.9520152088660288,
          0.9546179222127258,
          0.9533527755745647,
          0.9520153664338238,
          0.9837397418936377,
          0.9543332488270513,
          0.9532760261556458,
          0.0,
          0.9539862296874201,
          0.9546430045284142,
          0.9533379818217972,
          0.9535535843331293,
          0.9614066830852009,
          0.9529989388295524,
          0.9490962785050799,
          0.9530413907301829,
          0.9538740456087348,
          0.9505661138195391,
          0.9531755060097703,
          0.9531602698674928,
          0.9532046353213499,
          0.953546793755372,
          0.9464810062636002,
          1.2908452880572787,
          0.9542088391566985,
          0.9534396976252798,
          0.954182711713943,
          0.9518881271555075,
          0.9534523012866046,
          0.9765582572451459,
          0.954732710517474,
          0.9531041795682208,
          0.9529736271991253,
          0.9535533836813063,
          0.9480642795611108,
          0.9466934266313566,
          0.9530912489873108
        ],
        [
          0.9504915231769131,
          0.9517290966457843,
          1.396225686267467,
          0.9528003511523843,
          0.9516269676055741,
          0.9269071820175488,
          1.2831509240096655,
          0.9529269132984264,
          0.9539862296874201,
          0.0,
          0.962115436789131,
          0.9527891318418483,
          0.9528520717193556,
          0.9539178049000856,
          0.9525952270497524,
          0.9486398378346012,
          0.9526551392443519,
          0.9528383862876446,
          0.9494184549490439,
          0.952808966646943,
          0.9527522376936226,
          0.9528136360164842,
          0.9528454225947066,
          0.9449609279995763,
          1.768651712993638,
          0.9536207999604683,
          1.270800381099516,
          0.953851829146344,
          1.8533534373367773,
          0.9531237190157207,
          0.9457684254067749,
          0.954134415045147,
          0.9521325132429251,
          0.9525676352916463,
          0.9528517488379771,
          0.947060164196689,
          0.9450390957960587,
          0.9525505833747113
        ],
        [
          0.9513273726327703,
          0.9534255466346342,
          0.9542263702020404,
          0.9536817340825616,
          0.9535690850263833,
          0.9457350047330936,
          0.9627491213660548,
          0.9537591691959849,
          0.9546430045284142,
          0.962115436789131,
          0.0,
          0.9536017380088141,
          0.9538509971718058,
          0.9547254175847526,
          0.9535615799981445,
          0.9494072886905799,
          0.9535067682890669,
          0.9539889036741848,
          0.9507424978622001,
          0.9536977321335061,
          0.9536062722849998,
          0.9536678691826268,
          0.953844194147913,
          1.0099924626259322,
          1.5094913060741653,
          0.9544959977797166,
          0.9562234593746682,
          1.0450925166296714,
          1.033865478419586,
          0.9539038228637119,
          0.9468426080856648,
          1.1771946217166442,
          0.9534594164386597,
          0.9536841524997274,
          0.9538507180419105,
          1.3353058624792753,
          0.9461754392222748,
          0.9534270788720038
        ],
        [
          0.9511020968417414,
          0.9515568262612428,
          0.9520408089047971,
          0.9527944595428484,
          0.9516844146893136,
          1.3897472611409978,
          0.9529113613667294,
          0.9528181013261049,
          0.9533379818217972,
          0.9527891318418483,
          0.9536017380088141,
          0.0,
          0.9527869966207765,
          0.9535068951783683,
          0.9525696178563946,
          0.9489132090639945,
          0.9526478910462061,
          0.9526992488571627,
          0.9495105933034516,
          0.9527784658954562,
          0.9527648203370063,
          0.9528004408700529,
          0.9527805364806461,
          0.9446080432927555,
          0.9462172225662173,
          0.954080578201191,
          0.9529154266861172,
          0.9534080871991164,
          0.9454969821230221,
          0.9529192767611232,
          0.945809053888849,
          0.9535899369137216,
          0.9521220255547318,
          0.9525866063428223,
          0.95278670172317,
          0.9470182571336127,
          0.9452533922106476,
          0.9522373427916369
        ],
        [
          0.9504249158906353,
          0.9514557713408993,
          0.9519863562838996,
          0.9527827568215713,
          0.9515914263371924,
          0.925143247957469,
          0.9529664477784373,
          0.95280946115071,
          0.9535535843331293,
          0.9528520717193556,
          0.9538509971718058,
          0.9527869966207765,
          0.0,
          0.9536184932882924,
          0.9525383275703432,
          0.948518253818673,
          0.9526248920950998,
          0.9526828433812787,
          0.9492135995136537,
          0.9527650346962094,
          0.9527502889191245,
          0.9527887347164096,
          0.9527679942264649,
          0.9441637443784459,
          1.4172083202174368,
          0.9536439391999564,
          0.9529563789925918,
          0.9536149027023364,
          0.9456345768845598,
          0.9530475296054595,
          0.9452790696839126,
          0.9538165529265529,
          0.9520201288025747,
          0.9525592579662833,
          0.9527746289302104,
          0.9466292952293491,
          0.9446981826907972,
          0.9524178315555897
        ],
        [
          0.9512313123439785,
          0.9521424344993371,
          0.9540137744659872,
          0.953516462486194,
          0.9522132142376606,
          1.000678933979506,
          0.9541973666411699,
          0.9534390328828246,
          0.9614066830852009,
          0.9539178049000856,
          0.9547254175847526,
          0.9535068951783683,
          0.9536184932882924,
          0.0,
          0.9531691167639228,
          0.9493304333760146,
          0.9532252315065273,
          0.9537937360907758,
          0.9504485874341676,
          0.9533595084076321,
          0.9533511600573916,
          0.9533859665951007,
          0.9536118309890177,
          0.9462918256318635,
          1.4134048540038455,
          0.9543694778837477,
          0.9536115822725968,
          0.9543385908874087,
          0.950421670581104,
          0.9536591450222743,
          0.9531816669228924,
          0.9547723186140257,
          0.9531069496030204,
          0.9531563762637538,
          0.9536183238748184,
          0.9489151063115059,
          0.9466954866370615,
          0.9531920991323267
        ],
        [
          0.9503468184225156,
          0.9514206692337519,
          0.9640612780778237,
          0.9525909841639465,
          0.951383884206683,
          0.9378996517765896,
          0.9526876285627265,
          0.9526420649611679,
          0.9529989388295524,
          0.9525952270497524,
          0.9535615799981445,
          0.9525696178563946,
          0.9525383275703432,
          0.9531691167639228,
          0.0,
          0.9484011058614117,
          0.9523924633267744,
          0.9524482332039388,
          0.9492714416516354,
          0.9525840755098788,
          0.9525088706771669,
          0.952552521926092,
          0.9525314796901868,
          1.416477229950277,
          0.9457489885462347,
          0.9535009295012253,
          0.952672033212647,
          0.9533319548329453,
          1.9471063370894426,
          0.9526702394752764,
          0.9451308187179581,
          0.9535181514848995,
          0.9519282255071463,
          0.952329178177384,
          0.9525379701833812,
          0.9466007849563962,
          1.4172861945905273,
          0.9519501622814875
        ],
        [
          0.9469455296665042,
          0.9474401043734199,
          0.9479737460647818,
          0.9489360757968701,
          0.9474794874599963,
          1.3745777075637902,
          0.9486942716177527,
          0.9484876275992035,
          0.9490962785050799,
          0.9486398378346012,
          0.9494072886905799,
          0.9489132090639945,
          0.948518253818673,
          0.9493304333760146,
          0.9484011058614117,
          0.0,
          0.9483239985952205,
          0.9484828522797565,
          0.9475174471977391,
          0.9484701111759912,
          0.9483784461445928,
          0.9484858930207598,
          0.9485114894132548,
          0.946435965912913,
          0.9427088562905495,
          0.9500443783248547,
          0.9485099741499639,
          0.9491350649240882,
          0.9431360769333621,
          0.9485657600901533,
          0.9439468116221216,
          0.9493704289580359,
          0.948634149572429,
          0.9483233405220912,
          0.9485180475951183,
          0.9433616122811683,
          0.943463647244984,
          0.9478410065302778
        ],
        [
          0.9502546657582652,
          0.9513594358032798,
          0.9518328893352128,
          0.9526495304477984,
          0.9514303886365504,
          0.9239657871168766,
          0.9527696614365936,
          0.9526967691658429,
          0.9530413907301829,
          0.9526551392443519,
          0.9535067682890669,
          0.9526478910462061,
          0.9526248920950998,
          0.9532252315065273,
          0.9523924633267744,
          0.9483239985952205,
          0.0,
          0.9525303134388845,
          0.949104374234333,
          0.9526309885761927,
          0.9525975707692975,
          0.9526394085191,
          0.9526178356493988,
          0.9438116246840035,
          0.9450255709868906,
          0.9535146637780552,
          0.9527647269794124,
          0.9532595318575093,
          1.417103241515096,
          0.9527666664442682,
          0.9448474555770874,
          0.9534638348308042,
          0.9518983719274557,
          0.9524082088069001,
          0.9526245458865916,
          0.9462968234817654,
          0.9445012110407027,
          0.9520245885968662
        ],
        [
          0.9503634848016133,
          0.9513836154956352,
          0.9519413280782256,
          0.9526955825930968,
          0.9515146494573111,
          0.92625859698775,
          0.9532056971238718,
          0.9527143542273546,
          0.9538740456087348,
          0.9528383862876446,
          0.9539889036741848,
          0.9526992488571627,
          0.9526828433812787,
          0.9537937360907758,
          0.9524482332039388,
          0.9484828522797565,
          0.9525303134388845,
          0.0,
          0.9492141306564342,
          0.9526689622213425,
          0.9526525816190902,
          0.9526921532180348,
          0.9526760936700142,
          0.9444836250907783,
          1.892027466919287,
          0.953541930274699,
          0.9529001286370965,
          0.9537311226419118,
          0.9451768248961004,
          0.9530406180526804,
          0.9455814664577569,
          0.9539393531863927,
          0.951950528941315,
          0.952466883488036,
          0.9526836292450156,
          0.9467762603893647,
          0.9447742829450255,
          0.9523998102513676
        ],
        [
          0.9499893346487558,
          0.948916345060759,
          0.9491427186607386,
          0.951212521568133,
          0.9487419407462039,
          3.912384046461946,
          0.9493640634926127,
          0.9492994338887645,
          0.9505661138195391,
          0.9494184549490439,
          0.9507424978622001,
          0.9495105933034516,
          0.9492135995136537,
          0.9504485874341676,
          0.9492714416516354,
          0.9475174471977391,
          0.949104374234333,
          0.9492141306564342,
          0.0,
          0.9492410856481925,
          1.4250483072948705,
          0.9491959507890445,
          0.9492096666534274,
          1.4208494204473299,
          0.9506003505866354,
          0.9516773417162926,
          0.9491808132201339,
          0.9502098711900783,
          3.158048214028588,
          0.9492201787874083,
          2.1980625943078635,
          0.9505989509476048,
          3.439225042737686,
          0.9490970440720344,
          0.9492134339783977,
          2.9906573536633863,
          3.7655251196843444,
          0.9488139661451533
        ],
        [
          0.9503955199392773,
          0.9698331099226352,
          0.9520100063483413,
          0.9527936630186524,
          0.9515710098410002,
          0.9246886226423636,
          0.952906959438985,
          0.9528678007745781,
          0.9531755060097703,
          0.952808966646943,
          0.9536977321335061,
          0.9527784658954562,
          0.9527650346962094,
          0.9533595084076321,
          0.9525840755098788,
          0.9484701111759912,
          0.9526309885761927,
          0.9526689622213425,
          0.9492410856481925,
          0.0,
          0.9527416578783805,
          0.9527961888836136,
          0.9527580089524373,
          1.1376341099992178,
          0.9454003152333558,
          0.9536458444301765,
          0.9529074205506908,
          0.9534722832353149,
          1.2138762191773889,
          0.9529088363990831,
          0.944986452628002,
          0.9536663166591346,
          0.9521041979093333,
          0.9525787197797771,
          0.9527646960981626,
          0.946524954513964,
          0.9446575066845466,
          0.952167812896829
        ],
        [
          0.9503392720975758,
          0.9513941501443547,
          0.9519177615554831,
          0.9527606328750443,
          0.9515347972429455,
          0.923662341651664,
          0.95288578151465,
          0.9527852384279651,
          0.9531602698674928,
          0.9527522376936226,
          0.9536062722849998,
          0.9527648203370063,
          0.9527502889191245,
          0.9533511600573916,
          0.9525088706771669,
          0.9483784461445928,
          0.9525975707692975,
          0.9526525816190902,
          1.4250483072948705,
          0.9527416578783805,
          0.0,
          0.9527660043492392,
          0.9527431547763684,
          0.9436672904207588,
          0.9448841969244279,
          0.9536478759273336,
          0.9528919178423351,
          0.9533859470521578,
          0.944709551247518,
          0.9528959838358176,
          0.9448219568110574,
          0.9535883648817229,
          0.9520749378040244,
          0.9525302960051564,
          0.9527499622320281,
          0.9463171117991144,
          0.9444977646900733,
          0.9521423857618307
        ],
        [
          0.9504172963997876,
          0.9515159744946042,
          0.9519879791756439,
          0.9528013265598881,
          0.9515920008544363,
          0.9241227409141415,
          0.9529315139173781,
          0.9528617658150697,
          0.9532046353213499,
          0.9528136360164842,
          0.9536678691826268,
          0.9528004408700529,
          0.9527887347164096,
          0.9533859665951007,
          0.952552521926092,
          0.9484858930207598,
          0.9526394085191,
          0.9526921532180348,
          0.9491959507890445,
          0.9527961888836136,
          0.9527660043492392,
          0.0,
          0.9527816899947781,
          0.943878244881017,
          0.9451568433865947,
          0.9536722757143163,
          0.9529337908195421,
          0.953423944285276,
          1.4172987428277926,
          0.9529339033401762,
          0.9449578810587035,
          0.953626117719574,
          0.9520406410408954,
          0.9525722135958917,
          0.9527883853577092,
          0.9464473844600572,
          0.9446062199805461,
          0.9521931305878272
        ],
        [
          0.9504180986392179,
          0.9514489235307332,
          0.95219055820353,
          0.9527763201862962,
          0.9515846052698335,
          0.925138041155976,
          0.9529595863073521,
          0.9528023795951942,
          0.953546793755372,
          0.9528454225947066,
          0.953844194147913,
          0.9527805364806461,
          0.9527679942264649,
          0.9536118309890177,
          0.9525314796901868,
          0.9485114894132548,
          0.9526178356493988,
          0.9526760936700142,
          0.9492096666534274,
          0.9527580089524373,
          0.9527431547763684,
          0.9527816899947781,
          0.0,
          0.9441609827714378,
          1.4179623157489505,
          0.953637267441907,
          0.952949231974557,
          0.9536079727487613,
          0.9450055872855064,
          0.9530218673145201,
          0.9452746441165926,
          0.9538097611970112,
          0.9520139688303294,
          0.9525523158325101,
          0.9527677434073828,
          0.9466230105234855,
          0.9446939241419657,
          0.9523302039787698
        ],
        [
          0.9471105746013935,
          4.092900495441237,
          0.9458105805404744,
          1.2086418893193636,
          0.9442430590561246,
          7.600639450959592,
          0.9447934728080359,
          0.9529024549392959,
          0.9464810062636002,
          0.9449609279995763,
          1.0099924626259322,
          0.9446080432927555,
          0.9441637443784459,
          0.9462918256318635,
          1.416477229950277,
          0.946435965912913,
          0.9438116246840035,
          0.9444836250907783,
          1.4208494204473299,
          1.1376341099992178,
          0.9436672904207588,
          0.943878244881017,
          0.9441609827714378,
          0.0,
          1.285595073613727,
          0.9481341898291596,
          0.9437839114414859,
          1.044302237295163,
          8.264293635894091,
          0.9439588663278482,
          2.1847672534559885,
          1.025442220329188,
          1.3397030500141085,
          1.8876381621809268,
          0.9441639209086133,
          1.4352470104661874,
          2.8346513249505967,
          0.9437791987204515
        ],
        [
          0.9445673332438438,
          0.950921959778864,
          3.2722793557419396,
          0.94650543693849,
          0.9451503538086031,
          1.4548661115296069,
          2.165542138495425,
          0.9503768040432763,
          1.2908452880572787,
          1.768651712993638,
          1.5094913060741653,
          0.9462172225662173,
          1.4172083202174368,
          1.4134048540038455,
          0.9457489885462347,
          0.9427088562905495,
          0.9450255709868906,
          1.892027466919287,
          0.9506003505866354,
          0.9454003152333558,
          0.9448841969244279,
          0.9451568433865947,
          1.4179623157489505,
          1.285595073613727,
          0.0,
          0.9471009577430405,
          1.0444765304837382,
          1.1654630772907233,
          6.7108158060240415,
          1.1834846307340026,
          1.3174776800761292,
          1.6227395655907841,
          0.9487431966855949,
          0.9453944446093436,
          1.4179474689151892,
          1.0131010650270056,
          1.0583245269549628,
          1.3851675090562372
        ],
        [
          1.1233078157516823,
          0.9524038817422134,
          0.9529226415874107,
          0.9541042637147935,
          0.9524930085040916,
          1.2224978358753416,
          0.9537667424310445,
          0.9536917703632708,
          0.9542088391566985,
          0.9536207999604683,
          0.9544959977797166,
          0.954080578201191,
          0.9536439391999564,
          0.9543694778837477,
          0.9535009295012253,
          0.9500443783248547,
          0.9535146637780552,
          0.953541930274699,
          0.9516773417162926,
          0.9536458444301765,
          0.9536478759273336,
          0.9536722757143163,
          0.953637267441907,
          0.9481341898291596,
          0.9471009577430405,
          0.0,
          0.9538014776531826,
          0.9543347468632676,
          0.9473926286506736,
          0.953813261608845,
          0.9499205377038322,
          0.9544999520376866,
          0.9540261081080429,
          0.9534522473321825,
          0.9536436403360201,
          0.9489548173869442,
          0.9486567710553152,
          0.9530714382260093
        ],
        [
          0.9504784737724187,
          0.9515719997375054,
          0.9524483069983294,
          0.9529119022643726,
          0.9516872125422728,
          0.9238039631990544,
          1.116935981231715,
          0.9529627036297651,
          0.9534396976252798,
          1.270800381099516,
          0.9562234593746682,
          0.9529154266861172,
          0.9529563789925918,
          0.9536115822725968,
          0.952672033212647,
          0.9485099741499639,
          0.9527647269794124,
          0.9529001286370965,
          0.9491808132201339,
          0.9529074205506908,
          0.9528919178423351,
          0.9529337908195421,
          0.952949231974557,
          0.9437839114414859,
          1.0444765304837382,
          0.9538014776531826,
          0.0,
          0.9536260809635887,
          0.9497344686496176,
          0.9530902056019537,
          0.9449394066850652,
          0.9538729056742487,
          0.9521157109382635,
          0.952691104511947,
          0.9529560619162011,
          0.9464547809052136,
          0.9445112046563795,
          0.9523809248034857
        ],
        [
          0.9511068417612117,
          0.9532346801329671,
          0.9536316916114969,
          0.9534949868078172,
          0.9527460484791269,
          0.9538432985751896,
          0.9541065416681836,
          0.9534784350309968,
          0.954182711713943,
          0.953851829146344,
          1.0450925166296714,
          0.9534080871991164,
          0.9536149027023364,
          0.9543385908874087,
          0.9533319548329453,
          0.9491350649240882,
          0.9532595318575093,
          0.9537311226419118,
          0.9502098711900783,
          0.9534722832353149,
          0.9533859470521578,
          0.953423944285276,
          0.9536079727487613,
          1.044302237295163,
          1.1654630772907233,
          0.9543347468632676,
          0.9536260809635887,
          0.0,
          0.9572778516370948,
          0.9536140967221538,
          0.9464939263087824,
          1.0649732721697767,
          0.9530861475022763,
          0.9535220210931615,
          0.9536146103234234,
          0.9861261142285057,
          0.9460347328180356,
          0.9530918669548443
        ],
        [
          0.9454771475337826,
          3.113858134008081,
          2.791567893268011,
          1.1167462269162158,
          0.9445464907870896,
          3.4757371100160634,
          0.9861462132862373,
          1.7341216597440121,
          0.9518881271555075,
          1.8533534373367773,
          1.033865478419586,
          0.9454969821230221,
          0.9456345768845598,
          0.950421670581104,
          1.9471063370894426,
          0.9431360769333621,
          1.417103241515096,
          0.9451768248961004,
          3.158048214028588,
          1.2138762191773889,
          0.944709551247518,
          1.4172987428277926,
          0.9450055872855064,
          8.264293635894091,
          6.7108158060240415,
          0.9473926286506736,
          0.9497344686496176,
          0.9572778516370948,
          0.0,
          0.9456716095803122,
          0.9491911852602448,
          0.9554538820368003,
          2.8650504299029604,
          0.944960839344919,
          0.9450099887637047,
          2.22662149611739,
          1.2781899373687142,
          0.9456338302251084
        ],
        [
          0.9505275496368637,
          0.9515818235363503,
          0.952592586659764,
          0.952915491628887,
          0.9517040992097944,
          0.9243502130021742,
          0.9533216611858522,
          0.9529679801845348,
          0.9534523012866046,
          0.9531237190157207,
          0.9539038228637119,
          0.9529192767611232,
          0.9530475296054595,
          0.9536591450222743,
          0.9526702394752764,
          0.9485657600901533,
          0.9527666664442682,
          0.9530406180526804,
          0.9492201787874083,
          0.9529088363990831,
          0.9528959838358176,
          0.9529339033401762,
          0.9530218673145201,
          0.9439588663278482,
          1.1834846307340026,
          0.953813261608845,
          0.9530902056019537,
          0.9536140967221538,
          0.9456716095803122,
          0.0,
          0.9450387127724637,
          0.9539167465552769,
          0.9521141179525278,
          0.9526976114169113,
          0.9530286218919091,
          0.9465101213354062,
          0.9446265025228271,
          1.5517068047306957
        ],
        [
          0.9484271041211103,
          0.9447449010826816,
          0.9463123541402442,
          0.9459082127412042,
          0.9446711048476025,
          5.0292761327941715,
          0.9458531301886077,
          0.9449778223390471,
          0.9765582572451459,
          0.9457684254067749,
          0.9468426080856648,
          0.945809053888849,
          0.9452790696839126,
          0.9531816669228924,
          0.9451308187179581,
          0.9439468116221216,
          0.9448474555770874,
          0.9455814664577569,
          2.1980625943078635,
          0.944986452628002,
          0.9448219568110574,
          0.9449578810587035,
          0.9452746441165926,
          2.1847672534559885,
          1.3174776800761292,
          0.9499205377038322,
          0.9449394066850652,
          0.9464939263087824,
          0.9491911852602448,
          0.9450387127724637,
          0.0,
          0.9468956567146001,
          1.5964354700314198,
          0.9449420884008868,
          0.9452791218856624,
          1.1533906596546721,
          0.9668010414350474,
          0.9447924433294562
        ],
        [
          0.9513115902622893,
          0.9533657683679725,
          0.9538754579546783,
          0.9536705316452687,
          0.9534048656533183,
          0.9502098256294856,
          0.954379710952045,
          0.9536855107378915,
          0.954732710517474,
          0.954134415045147,
          1.1771946217166442,
          0.9535899369137216,
          0.9538165529265529,
          0.9547723186140257,
          0.9535181514848995,
          0.9493704289580359,
          0.9534638348308042,
          0.9539393531863927,
          0.9505989509476048,
          0.9536663166591346,
          0.9535883648817229,
          0.953626117719574,
          0.9538097611970112,
          1.025442220329188,
          1.6227395655907841,
          0.9544999520376866,
          0.9538729056742487,
          1.0649732721697767,
          0.9554538820368003,
          0.9539167465552769,
          0.9468956567146001,
          0.0,
          0.9533636294650564,
          0.953696297714374,
          0.9538163407577751,
          1.0509732417847948,
          0.9461835403020433,
          0.9534375060518613
        ],
        [
          0.9512641564500945,
          0.9513450553815687,
          0.9515168168465781,
          0.9821110875360319,
          0.9510460424875798,
          2.008921337006583,
          0.9521727111256134,
          0.9521692268734769,
          0.9531041795682208,
          0.9521325132429251,
          0.9534594164386597,
          0.9521220255547318,
          0.9520201288025747,
          0.9531069496030204,
          0.9519282255071463,
          0.948634149572429,
          0.9518983719274557,
          0.951950528941315,
          3.439225042737686,
          0.9521041979093333,
          0.9520749378040244,
          0.9520406410408954,
          0.9520139688303294,
          1.3397030500141085,
          0.9487431966855949,
          0.9540261081080429,
          0.9521157109382635,
          0.9530861475022763,
          2.8650504299029604,
          0.9521141179525278,
          1.5964354700314198,
          0.9533636294650564,
          0.0,
          0.9518487215424996,
          0.9520197925247913,
          1.4787955434808875,
          1.1277525867931415,
          0.9514636023991699
        ],
        [
          0.9502335589380158,
          0.9513779675358368,
          0.951759822571399,
          0.9526025904553971,
          0.9513827247929384,
          0.9244204495612415,
          0.9526939738737596,
          0.9525937068414545,
          0.9529736271991253,
          0.9525676352916463,
          0.9536841524997274,
