{
  "models": {
    "country": {
      "rate": 10.878294705231038,
      "alphabet": [
        "Argentina",
        "Australia",
        "Austria",
        "Belgium",
        "Brazil",
        "Cambodia",
        "Canada",
        "Chile",
        "China",
        "Denmark",
        "France",
        "Germany",
        "Guatemala",
        "Hong Kong",
        "Hungary",
        "Italy",
        "Japan",
        "Kazakhstan",
        "Mexico",
        "Netherlands",
        "Russia",
        "South Korea",
        "Spain",
        "Sri Lanka",
        "Taiwan",
        "Thailand",
        "United Kingdom",
        "Usa",
        "Vietnam",
        "Zambia",
        "?"
      ],
      "equilibrium_probabilities": [
        0.03528626312445105,
        0.03600134488987919,
        0.036506327678023906,
        0.03774457543097462,
        0.02263843867745006,
        0.0395233154931581,
        0.008784673969306711,
        0.03320113536216676,
        0.03209403363671318,
        0.03373906601406629,
        0.038315974613865406,
        0.033161225443247455,
        0.03460393819338865,
        0.04005959397038292,
        0.038185625271376235,
        0.037381572336697824,
        0.032420738418788314,
        0.03799932606753053,
        0.02564187959590801,
        0.036505493497908034,
        0.0295700264180693,
        0.02412628678996832,
        0.03753754132728787,
        0.0355128396633959,
        0.034980378959779956,
        0.03816363996056887,
        0.03708677067694986,
        0.022860537405320267,
        0.03549890667808778,
        0.0348685304352886
      ],
      "transition_matrix": [
        [
          0.0,
          0.9058097031931636,
          0.906256518059046,
          0.9064266655388393,
          0.9036366249797099,
          0.9059329752202396,
          0.979278721956055,
          0.9091836446951036,
          0.9065265291418381,
          0.9060324567188396,
          0.905924662771304,
          0.8926764272022931,
          0.9063201761044468,
          0.9040705194083953,
          0.905989447076514,
          0.9002303094840086,
          0.924575377198021,
          0.9063609555072981,
          0.8984373270465728,
          0.9090670453359627,
          0.9058670285880497,
          0.9187995054929484,
          0.8999519311332742,
          0.9074685267486803,
          0.9056471815399847,
          0.9029517742025382,
          0.9030862838592508,
          1.1728072684486817,
          0.8977526418915174,
          0.906264060131998
        ],
        [
          0.9058097031931636,
          0.0,
          0.9060692562576064,
          0.9062455955519862,
          0.9037725249433055,
          0.9057228067878699,
          0.8691490867969717,
          0.9091718298907965,
          0.9063500159530755,
          0.9059186853032684,
          0.905721124319623,
          0.8922584247778717,
          0.9061963807119199,
          0.9038179918429492,
          0.9057859035000159,
          0.8999150105237246,
          0.9091106679180291,
          0.906183869906899,
          0.89797068632026,
          0.9092391920957867,
          0.9054649379485313,
          0.9171852921214286,
          0.8996328731997221,
          0.9066730995019712,
          0.9055106715794954,
          1.0826448092476304,
          0.903051790495742,
          1.1241839063789651,
          0.897365884266616,
          0.9061351944683032
        ],
        [
          0.906256518059046,
          0.9060692562576064,
          0.0,
          0.9071189737335835,
          0.9034472445731864,
          0.9062867371375615,
          0.867603490651367,
          0.9094863604493343,
          0.9064877051172286,
          0.9065044229748528,
          0.9062762763297038,
          3.185552153059529,
          0.9066012251165859,
          0.9063977720650896,
          0.9065015613346655,
          0.9003232926905317,
          0.909480467324636,
          0.9066890538163603,
          0.8978072190582387,
          0.910006687716655,
          0.9056754904958282,
          0.917117732508005,
          0.900295348064048,
          0.9071208832154329,
          0.9059037059982195,
          0.9032547709146466,
          0.9032362408514111,
          0.8571548479828356,
          0.8977429362869369,
          0.9065503932209223
        ],
        [
          0.9064266655388393,
          0.9062455955519862,
          0.9071189737335835,
          0.0,
          0.9035353708922391,
          0.9064682400089378,
          0.866482549272112,
          0.9097752601347115,
          0.9164826947241169,
          0.9067548864342576,
          1.3589003396061032,
          3.4706434810846956,
          0.9067814399865705,
          0.9991426788617808,
          1.421706732463073,
          1.3554789928233832,
          0.9101468395034765,
          0.9068784282501201,
          0.8976881123222923,
          1.5069255747352919,
          0.9058691659195146,
          0.9176932395174423,
          1.0219658773853917,
          0.907336065348303,
          0.9060646545720673,
          0.911667682828443,
          0.904877666328555,
          0.8593393515001518,
          0.8982637456691831,
          0.9067276705657614
        ],
        [
          0.9036366249797099,
          0.9037725249433055,
          0.9034472445731864,
          0.9035353708922391,
          0.0,
          0.9030012610590401,
          0.8828023998414956,
          0.9741139607620642,
          0.9055848930543062,
          0.9040667950819177,
          0.9030922251403859,
          0.8952533724230729,
          0.9037822714518066,
          0.9019501820941266,
          0.903144020738241,
          0.9006366961935925,
          0.9070218394210365,
          0.9036814955397241,
          0.8994680654596922,
          0.9066303860944414,
          0.905098455744771,
          0.9134554184500924,
          0.8993393687695377,
          0.9047122390691189,
          0.9035835037632309,
          0.9030132782310581,
          0.9027487501603955,
          5.303065105036536,
          0.8984236436987619,
          0.9036294761814467
        ],
        [
          0.9059329752202396,
          0.9057228067878699,
          0.9062867371375615,
          0.9064682400089378,
          0.9030012610590401,
          0.0,
          0.8644716117216928,
          0.9094446549664961,
          0.9060581480952941,
          0.9060094284800349,
          0.9059186543968336,
          0.891107399771094,
          0.9063127134860182,
          0.9038860897678046,
          0.9059890612509752,
          0.8992998245826149,
          0.9094312152028331,
          0.9063771657659093,
          0.8968793904982861,
          0.9092971943086086,
          0.9053983934096648,
          0.9177906576259754,
          0.8992301113427951,
          0.9068956492938323,
          0.9055537257676797,
          0.9023796867543437,
          0.9025837946174519,
          0.8530686992357615,
          2.2420604059771487,
          0.9062551152572792
        ],
        [
          0.979278721956055,
          0.8691490867969717,
          0.867603490651367,
          0.866482549272112,
          0.8828023998414956,
          0.8644716117216928,
          0.0,
          0.8743374675169654,
          0.8771594465973817,
          0.8715335336490245,
          0.8656883409999635,
          0.8683690532017934,
          0.8698731275425866,
          0.8638674995678038,
          0.8658351627446251,
          0.8669386333970814,
          1.3356182222879753,
          0.8664818826122023,
          3.1524942710913533,
          0.8700797881925241,
          0.879236328702011,
          1.3307602958771683,
          0.8651152840985555,
          0.8741022358320792,
          0.8702255992819561,
          0.8681498053618341,
          0.8681497551708106,
          16.13251804388437,
          1.3034208887527854,
          0.8693391704222461
        ],
        [
          0.9091836446951036,
          0.9091718298907965,
          0.9094863604493343,
          0.9097752601347115,
          0.9741139607620642,
          0.9094446549664961,
          0.8743374675169654,
          0.0,
          0.9103194153405523,
          0.9092004377222055,
          0.9093309681527108,
          0.8963856911572439,
          0.909464067879808,
          0.9078682722387009,
          0.9093801328703384,
          0.9041846697923805,
          0.9127172951007175,
          0.9097838300746253,
          0.9011979693469676,
          0.9124853640747065,
          0.9086150658635911,
          0.9195777408199839,
          0.9036020991348667,
          0.9101057619813568,
          0.9099473629225158,
          0.9069416035412001,
          0.9068955801533263,
          1.6570247051776927,
          0.9013818106973446,
          0.9094198851228116
        ],
        [
          0.9065265291418381,
          0.9063500159530755,
          0.9064877051172286,
          0.9164826947241169,
          0.9055848930543062,
          0.9060581480952941,
          0.8771594465973817,
          0.9103194153405523,
          0.0,
          0.9069360533111065,
          0.9061391985998902,
          0.9130743506808169,
          0.9066211696253812,
          8.791311355393978,
          0.9061738193847207,
          1.108618968241483,
          0.9623714310462526,
          0.9067008446819635,
          0.8999095993698845,
          1.0479859070748634,
          0.9102592017978116,
          1.092620416032098,
          0.901011212826444,
          0.9081237388590797,
          0.9079609321638529,
          0.965440555636528,
          1.0299978141258612,
          2.456329292685084,
          2.6639679529099505,
          0.906530807642811
        ],
        [
          0.9060324567188396,
          0.9059186853032684,
          0.9065044229748528,
          0.9067548864342576,
          0.9040667950819177,
          0.9060094284800349,
          0.8715335336490245,
          0.9092004377222055,
          0.9069360533111065,
          0.0,
          0.9060925627828944,
          1.35606167044072,
          0.9064547751780022,
          0.9065531601621756,
          0.9061423954666479,
          0.9008392874871448,
          0.9093379299249927,
          0.9064432918399965,
          0.8986044855569013,
          0.9097199424883525,
          1.0551418065543205,
          0.916700773261494,
          0.9007968551566405,
          0.9335669674227827,
          0.9057328830536522,
          0.9033944501996977,
          0.9034982060044721,
          1.4373435683590037,
          0.911132156193784,
          0.9063231067130352
        ],
        [
          0.905924662771304,
          0.905721124319623,
          0.9062762763297038,
          1.3589003396061032,
          0.9030922251403859,
          0.9059186543968336,
          0.8656883409999635,
          0.9093309681527108,
          0.9061391985998902,
          0.9060925627828944,
          0.0,
          2.230027814720345,
          0.9062927645044011,
          0.9054066853242022,
          0.9061777979372716,
          0.899625623655902,
          0.9093264978721198,
          0.9063535331964706,
          0.8971525581818169,
          0.9097092503964849,
          0.9052918022982066,
          0.917424928798035,
          0.8997796259802691,
          0.9068088527022933,
          0.9055576123672822,
          0.9026700459595541,
          0.9027187273094675,
          0.8545756592174836,
          0.8969775843361205,
          0.9062372910991009
        ],
        [
          0.8926764272022931,
          0.8922584247778717,
          3.185552153059529,
          3.4706434810846956,
          0.8952533724230729,
          0.891107399771094,
          0.8683690532017934,
          0.8963856911572439,
          0.9130743506808169,
          1.35606167044072,
          2.230027814720345,
          0.0,
          0.8932761920125323,
          1.0584027330054437,
          1.8639808998686045,
          3.139698734341544,
          0.8982633281621673,
          0.892033030641621,
          0.8889861016131296,
          5.227565578345572,
          0.9577631225292936,
          0.9068768186639466,
          5.85073751214964,
          0.9049501513112642,
          0.8925145474133725,
          0.9104695543433858,
          0.8945218748649193,
          0.9096739134173382,
          0.8909213862071506,
          0.8931050767721944
        ],
        [
          0.9063201761044468,
          0.9061963807119199,
          0.9066012251165859,
          0.9067814399865705,
          0.9037822714518066,
          0.9063127134860182,
          0.8698731275425866,
          0.909464067879808,
          0.9066211696253812,
          0.9064547751780022,
          0.9062927645044011,
          0.8932761920125323,
          0.0,
          0.9046081295963798,
          0.9063541953975636,
          0.9006734425866274,
          0.9093921350819488,
          0.906742711022462,
          0.8983579770476764,
          0.909462994351417,
          0.9353188136996222,
          0.916789371212419,
          0.9004218282136316,
          0.9079737849974858,
          0.905982202823036,
          0.9034885636351534,
          0.9035930721973213,
          1.3212354176025507,
          0.8983398722906442,
          0.9066372013017541
        ],
        [
          0.9040705194083953,
          0.9038179918429492,
          0.9063977720650896,
          0.9991426788617808,
          0.9019501820941266,
          0.9038860897678046,
          0.8638674995678038,
          0.9078682722387009,
          8.791311355393978,
          0.9065531601621756,
          0.9054066853242022,
          1.0584027330054437,
          0.9046081295963798,
          0.0,
          0.9052111627016398,
          0.9063674196567518,
          0.9087601254747428,
          0.9042935899981887,
          0.8955001432499505,
          1.0363519116160989,
          0.9067977276381346,
          0.9178442394055215,
          0.902286926354075,
          0.9052571349899722,
          0.9037370416195946,
          0.9091387625744265,
          0.9048853254693088,
          1.2880409042031775,
          1.8429353677955411,
          0.9044936135748988
        ],
        [
          0.905989447076514,
          0.9057859035000159,
          0.9065015613346655,
          1.421706732463073,
          0.903144020738241,
          0.9059890612509752,
          0.8658351627446251,
          0.9093801328703384,
          0.9061738193847207,
          0.9061423954666479,
          0.9061777979372716,
          1.8639808998686045,
          0.9063541953975636,
          0.9052111627016398,
          0.0,
          0.9000282262702591,
          0.9093713368544876,
          0.9064191991530505,
          0.8972281823581785,
          0.9104029651302633,
          0.9053277405202244,
          0.9174327376313535,
          0.9001262134309669,
          0.9068647158278632,
          0.9056215048901711,
          0.9027106428229502,
          0.9027846236399037,
          0.8547380160465138,
          0.8970622472131384,
          0.9062990336249928
        ],
        [
          0.9002303094840086,
          0.8999150105237246,
          0.9003232926905317,
          1.3554789928233832,
          0.9006366961935925,
          0.8992998245826149,
          0.8669386333970814,
          0.9041846697923805,
          1.108618968241483,
          0.9008392874871448,
          0.899625623655902,
          3.139698734341544,
          0.9006734425866274,
          0.9063674196567518,
          0.9000282262702591,
          0.0,
          1.377546012078341,
          0.9002935576129611,
          0.8939370369169264,
          0.9814892163966602,
          0.9013692550706474,
          0.9144077367915998,
          0.8943976217723593,
          0.9011114938458871,
          0.9002791197211497,
          0.934637285012809,
          1.1470631995281446,
          1.0124180946473296,
          0.8923971919588619,
          0.90055834432523
        ],
        [
          0.924575377198021,
          0.9091106679180291,
          0.909480467324636,
          0.9101468395034765,
          0.9070218394210365,
          0.9094312152028331,
          1.3356182222879753,
          0.9127172951007175,
          0.9623714310462526,
          0.9093379299249927,
          0.9093264978721198,
          0.8982633281621673,
          0.9093921350819488,
          0.9087601254747428,
          0.9093713368544876,
          1.377546012078341,
          0.0,
          0.9097923757765121,
          0.9011307366529931,
          0.9179276473054495,
          0.9147994277684178,
          0.9352226641363373,
          0.9037586389025825,
          0.9242227175431444,
          0.9088486900512228,
          0.9095697573752466,
          0.9256046670569846,
          1.7295891024193342,
          0.9021247546078467,
          0.9093404852444898
        ],
        [
          0.9063609555072981,
          0.906183869906899,
          0.9066890538163603,
          0.9068784282501201,
          0.9036814955397241,
          0.9063771657659093,
          0.8664818826122023,
          0.9097838300746253,
          0.9067008446819635,
          0.9064432918399965,
          0.9063535331964706,
          0.892033030641621,
          0.906742711022462,
          0.9042935899981887,
          0.9064191991530505,
          0.9002935576129611,
          0.9097923757765121,
          0.0,
          0.8977161267100643,
          0.9097405762217892,
          1.0114407388204922,
          0.9178904722395189,
          0.8999064538383903,
          0.9072906884048109,
          0.9060154456219903,
          0.9032139044589607,
          1.3676803354593166,
          0.9058727926278571,
          0.8975075060616462,
          0.9066852349447004
        ],
        [
          0.8984373270465728,
          0.89797068632026,
          0.8978072190582387,
          0.8976881123222923,
          0.8994680654596922,
          0.8968793904982861,
          3.1524942710913533,
          0.9011979693469676,
          0.8999095993698845,
          0.8986044855569013,
          0.8971525581818169,
          0.8889861016131296,
          0.8983579770476764,
          0.8955001432499505,
          0.8972281823581785,
          0.8939370369169264,
          0.9011307366529931,
          0.8977161267100643,
          0.0,
          0.9006821860247289,
          0.8998196199596278,
          0.9533319423973144,
          0.8930668853839854,
          0.8989696600278596,
          0.8979128468853872,
          0.8962380579525573,
          0.8962540874273138,
          3.487087631450272,
          0.892150026105714,
          0.8982055658554311
        ],
        [
          0.9090670453359627,
          0.9092391920957867,
          0.910006687716655,
          1.5069255747352919,
          0.9066303860944414,
          0.9092971943086086,
          0.8700797881925241,
          0.9124853640747065,
          1.0479859070748634,
          0.9097199424883525,
          0.9097092503964849,
          5.227565578345572,
          0.909462994351417,
          1.0363519116160989,
          0.9104029651302633,
          0.9814892163966602,
          0.9179276473054495,
          0.9097405762217892,
          0.9006821860247289,
          0.0,
          0.9088711023707093,
          0.9205411229087832,
          0.9057737472928714,
          0.9100485881428284,
          0.9088904607298531,
          1.1678530701681171,
          0.9420265877862395,
          0.9604463495500246,
          0.9023219465265737,
          0.9094181922513352
        ],
        [
          0.9058670285880497,
          0.9054649379485313,
          0.9056754904958282,
          0.9058691659195146,
          0.905098455744771,
          0.9053983934096648,
          0.879236328702011,
          0.9086150658635911,
          0.9102592017978116,
          1.0551418065543205,
          0.9052918022982066,
          0.9577631225292936,
          0.9353188136996222,
          0.9067977276381346,
          0.9053277405202244,
          0.9013692550706474,
          0.9147994277684178,
          1.0114407388204922,
          0.8998196199596278,
          0.9088711023707093,
          0.0,
          0.9165616969761559,
          0.9005735098345343,
          1.1295806466316398,
          0.9052996832001631,
          0.9038265605086996,
          1.1523772964594592,
          2.420465441234547,
          1.1311879234186923,
          0.9079690000493352
        ],
        [
          0.9187995054929484,
          0.9171852921214286,
          0.917117732508005,
          0.9176932395174423,
          0.9134554184500924,
          0.9177906576259754,
          1.3307602958771683,
          0.9195777408199839,
          1.092620416032098,
          0.916700773261494,
          0.917424928798035,
          0.9068768186639466,
          0.916789371212419,
          0.9178442394055215,
          0.9174327376313535,
          0.9144077367915998,
          0.9352226641363373,
          0.9178904722395189,
          0.9533319423973144,
          0.9205411229087832,
          0.9165616969761559,
          0.0,
          0.9130104797640725,
          0.9190333617241747,
          0.9166215023164733,
          0.9170817847521209,
          0.916466395090873,
          4.409766030795374,
          0.9113610151343055,
          0.9167507964220882
        ],
        [
          0.8999519311332742,
          0.8996328731997221,
          0.900295348064048,
          1.0219658773853917,
          0.8993393687695377,
          0.8992301113427951,
          0.8651152840985555,
          0.9036020991348667,
          0.901011212826444,
          0.9007968551566405,
          0.8997796259802691,
          5.85073751214964,
          0.9004218282136316,
          0.902286926354075,
          0.9001262134309669,
          0.8943976217723593,
          0.9037586389025825,
          0.8999064538383903,
          0.8930668853839854,
          0.9057737472928714,
          0.9005735098345343,
          0.9130104797640725,
          0.0,
          0.9008396852523409,
          0.8996473099324158,
          0.896739342890938,
          0.8966346616431033,
          0.8524577577511874,
          0.8913416349593892,
          0.9003226439828432
        ],
        [
          0.9074685267486803,
          0.9066730995019712,
          0.9071208832154329,
          0.907336065348303,
          0.9047122390691189,
          0.9068956492938323,
          0.8741022358320792,
          0.9101057619813568,
          0.9081237388590797,
          0.9335669674227827,
          0.9068088527022933,
          0.9049501513112642,
          0.9079737849974858,
          0.9052571349899722,
          0.9068647158278632,
          0.9011114938458871,
          0.9242227175431444,
          0.9072906884048109,
          0.8989696600278596,
          0.9100485881428284,
          1.1295806466316398,
          0.9190333617241747,
          0.9008396852523409,
          0.0,
          0.9065149456581069,
          0.9039137784842386,
          0.9040693323029111,
          1.191377973742959,
          0.9372156495831389,
          0.9071386607027409
        ],
        [
          0.9056471815399847,
          0.9055106715794954,
          0.9059037059982195,
          0.9060646545720673,
          0.9035835037632309,
          0.9055537257676797,
          0.8702255992819561,
          0.9099473629225158,
          0.9079609321638529,
          0.9057328830536522,
          0.9055576123672822,
          0.8925145474133725,
          0.905982202823036,
          0.9037370416195946,
          0.9056215048901711,
          0.9002791197211497,
          0.9088486900512228,
          0.9060154456219903,
          0.8979128468853872,
          0.9088904607298531,
          0.9052996832001631,
          0.9166215023164733,
          0.8996473099324158,
          0.9065149456581069,
          0.0,
          0.9027753899533797,
          0.9030012466054133,
          1.282844373608153,
          0.8974735670011472,
          0.9059189850539361
        ],
        [
          0.9029517742025382,
          1.0826448092476304,
          0.9032547709146466,
          0.911667682828443,
          0.9030132782310581,
          0.9023796867543437,
          0.8681498053618341,
          0.9069416035412001,
          0.965440555636528,
          0.9033944501996977,
          0.9026700459595541,
          0.9104695543433858,
          0.9034885636351534,
          0.9091387625744265,
          0.9027106428229502,
          0.934637285012809,
          0.9095697573752466,
          0.9032139044589607,
          0.8962380579525573,
          1.1678530701681171,
          0.9038265605086996,
          0.9170817847521209,
          0.896739342890938,
          0.9039137784842386,
          0.9027753899533797,
          0.0,
          1.370921232143818,
          1.3274238350333882,
          0.8949054326018312,
          0.9033853738700315
        ],
        [
          0.9030862838592508,
          0.903051790495742,
          0.9032362408514111,
          0.904877666328555,
          0.9027487501603955,
          0.9025837946174519,
          0.8681497551708106,
          0.9068955801533263,
          1.0299978141258612,
          0.9034982060044721,
          0.9027187273094675,
          0.8945218748649193,
          0.9035930721973213,
          0.9048853254693088,
          0.9027846236399037,
          1.1470631995281446,
          0.9256046670569846,
          1.3676803354593166,
          0.8962540874273138,
          0.9420265877862395,
          1.1523772964594592,
          0.916466395090873,
          0.8966346616431033,
          0.9040693323029111,
          0.9030012466054133,
          1.370921232143818,
          0.0,
          1.0818815036641545,
          0.8951192876426881,
          0.9034977167964223
        ],
        [
          1.1728072684486817,
          1.1241839063789651,
          0.8571548479828356,
          0.8593393515001518,
          5.303065105036536,
          0.8530686992357615,
          16.13251804388437,
          1.6570247051776927,
          2.456329292685084,
          1.4373435683590037,
          0.8545756592174836,
          0.9096739134173382,
          1.3212354176025507,
          1.2880409042031775,
          0.8547380160465138,
          1.0124180946473296,
          1.7295891024193342,
          0.9058727926278571,
          3.487087631450272,
          0.9604463495500246,
          2.420465441234547,
          4.409766030795374,
          0.8524577577511874,
          1.191377973742959,
          1.282844373608153,
          1.3274238350333882,
          1.0818815036641545,
          0.0,
          1.0386464173619039,
          1.286589520997286
        ],
        [
          0.8977526418915174,
          0.897365884266616,
          0.8977429362869369,
          0.8982637456691831,
          0.8984236436987619,
          2.2420604059771487,
          1.3034208887527854,
          0.9013818106973446,
          2.6639679529099505,
          0.911132156193784,
          0.8969775843361205,
          0.8909213862071506,
          0.8983398722906442,
          1.8429353677955411,
          0.8970622472131384,
          0.8923971919588619,
          0.9021247546078467,
          0.8975075060616462,
          0.892150026105714,
          0.9023219465265737,
          1.1311879234186923,
          0.9113610151343055,
          0.8913416349593892,
          0.9372156495831389,
          0.8974735670011472,
          0.8949054326018312,
          0.8951192876426881,
          1.0386464173619039,
          0.0,
          0.8981001257401288
        ],
        [
          0.906264060131998,
          0.9061351944683032,
          0.9065503932209223,
          0.9067276705657614,
          0.9036294761814467,
          0.9062551152572792,
          0.8693391704222461,
          0.9094198851228116,
          0.906530807642811,
          0.9063231067130352,
          0.9062372910991009,
          0.8931050767721944,
          0.9066372013017541,
          0.9044936135748988,
          0.9062990336249928,
          0.90055834432523,
          0.9093404852444898,
          0.9066852349447004,
          0.8982055658554311,
          0.9094181922513352,
          0.9079690000493352,
          0.9167507964220882,
          0.9003226439828432,
          0.9071386607027409,
          0.9059189850539361,
          0.9033853738700315,
          0.9034977167964223,
          1.286589520997286,
          0.8981001257401288,
          0.0
        ]
      ]
    },
    "region": {
      "rate": 3.677310477572077,
      "alphabet": [
        "Africa",
        "China",
        "Europe",
        "Japan Korea",
        "North America",
        "Oceania",
        "South America",
        "South Asia",
        "Southeast Asia",
        "West Asia",
        "?"
      ],
      "equilibrium_probabilities": [
        0.0925621061244855,
        0.10859083363190915,
        0.12429010769687872,
        0.06320862550434374,
        0.15959172822651171,
        0.09740236457292722,
        0.0684565246710024,
        0.10544628621971618,
        0.10753430905861755,
        0.07291711429360778
      ],
      "transition_matrix": [
        [
          0.0,
          0.7431864844126029,
          0.6853028682289909,
          0.7656306408854553,
          0.8816859658279204,
          0.7694872299572418,
          0.7567936694907743,
          0.7711098226201604,
          0.7280521212622498,
          0.7715559172965449
        ],
        [
          0.7431864844126029,
          0.0,
          1.2640600573314704,
          1.2842646807642328,
          1.6989177041581682,
          0.7412254413735059,
          0.7420390134515429,
          0.7409926955028097,
          2.800920831629701,
          0.7555685089704794
        ],
        [
          0.6853028682289909,
          1.2640600573314704,
          0.0,
          1.0711490507046102,
          0.8939072770158736,
          0.6801361660467776,
          0.6913346768109238,
          0.7028054503947889,
          1.2771827824845317,
          1.3547344258984193
        ],
        [
          0.7656306408854553,
          1.2842646807642328,
          1.0711490507046102,
          0.0,
          4.200602993070407,
          0.7649537452548603,
          1.0353764268899983,
          0.991992895648685,
          0.7435836209086717,
          0.8862087594749001
        ],
        [
          0.8816859658279204,
          1.6989177041581682,
          0.8939072770158736,
          4.200602993070407,
          0.0,
          0.7557791246729791,
          4.263845546854623,
          0.6028420895931897,
          1.0795067724451681,
          1.6055963792825736
        ],
        [
          0.7694872299572418,
          0.7412254413735059,
          0.6801361660467776,
          0.7649537452548603,
          0.7557791246729791,
          0.0,
          0.755572823936562,
          0.7695938092922517,
          0.8821231207578197,
          0.7641674393411393
        ],
        [
          0.7567936694907743,
          0.7420390134515429,
          0.6913346768109238,
          1.0353764268899983,
          4.263845546854623,
          0.755572823936562,
          0.0,
          0.7555967642156171,
          0.7245729608591805,
          0.7563793277284752
        ],
        [
          0.7711098226201604,
          0.7409926955028097,
          0.7028054503947889,
          0.991992895648685,
          0.6028420895931897,
          0.7695938092922517,
          0.7555967642156171,
          0.0,
          0.7528753885975015,
          1.139978779172123
        ],
        [
          0.7280521212622498,
          2.800920831629701,
          1.2771827824845317,
          0.7435836209086717,
          1.0795067724451681,
          0.8821231207578197,
          0.7245729608591805,
          0.7528753885975015,
          0.0,
          1.0563605000726193
        ],
        [
          0.7715559172965449,
          0.7555685089704794,
          1.3547344258984193,
          0.8862087594749001,
          1.6055963792825736,
          0.7641674393411393,
          0.7563793277284752,
          1.139978779172123,
          1.0563605000726193,
          0.0
        ]
      ]
    },
    "subtype": {
      "rate": 6.938296772952096,
      "alphabet": [
        "H3N1",
        "H3N2",
        "?"
      ],
      "equilibrium_probabilities": [
        0.08807358624613729,
        0.9119264137538627
      ],
      "transition_matrix": [
        [
          0.0,
          6.225360827105958
        ],
        [
          6.225360827105958,
          0.0
        ]
      ]
    }
  },
  "nodes": {
    "TS_NODE_2005": {
      "host": "Swine",
      "country": "Japan",
      "country_confidence": {
        "Japan": 0.9279389658662671,
        "Italy": 0.06337944734094192,
        "Usa": 0.0010301030631465898
      },
      "country_entropy": 0.3126411461691538,
      "region": "Japan Korea",
      "region_confidence": {
        "Japan Korea": 0.9220675085917321,
        "Europe": 0.0741384771452531,
        "North America": 0.0019131564641944676
      },
      "region_entropy": 0.294935920355649,
      "subtype": "H3N2",
      "subtype_confidence": {
        "H3N2": 0.9976317704514558,
        "H3N1": 0.0023682295485441406
      },
      "subtype_entropy": 0.016682821541495613,
      "order": "Swine"
    },
    "A/swine/Wadayama/5/1969|1969-01-01": {
      "host": "Swine",
      "country": "Japan",
      "country_confidence": {
        "Japan": 1.0
      },
      "country_entropy": -1.000088900581841e-12,
      "region": "Japan Korea",
      "region_confidence": {
        "Japan Korea": 1.0
      },
      "region_entropy": -1.000088900581841e-12,
      "subtype": "H3N2",
      "subtype_confidence": {
        "H3N2": 1.0
      },
      "subtype_entropy": -1.000088900581841e-12,
      "order": "Swine"
    },
    "TS_NODE_2004": {
      "host": "Swine",
      "country": "Japan",
      "country_confidence": {
        "Japan": 0.8328413896195828,
        "Italy": 0.14843028764590954,
        "Usa": 0.002345328300626845,
        "China": 0.0019598049371356264,
        "United Kingdom": 0.001752702500194783,
        "Germany": 0.0014672605481741844
      },
      "country_entropy": 0.5682246252919444,
      "region": "Japan Korea",
      "region_confidence": {
        "Japan Korea": 0.8191594134222928,
        "Europe": 0.1729654443598346,
        "North America": 0.003961062088579064,
        "China": 0.0011789237882000587
      },
      "region_entropy": 0.5176804673426348,
      "subtype": "H3N2",
      "subtype_confidence": {
        "H3N2": 0.9948025118862575,
        "H3N1": 0.005197488113742645
      },
      "subtype_entropy": 0.032520561333184095,
      "order": "Swine"
    },
    "A/swine/Hong_Kong/126/1982|1982-XX-XX": {
      "host": "Swine",
      "country": "Japan",
      "country_confidence": {
        "Japan": 0.49967116503638076,
        "Italy": 0.10276565666005562,
        "Germany": 0.017003753702264,
        "Hong Kong": 0.016721041391023893,
        "United Kingdom": 0.016550599690382237,
        "Belgium": 0.016514809634241595,
        "Cambodia": 0.01616534850673791,
        "Thailand": 0.015780822322109773,
        "France": 0.015741127643136208,
        "Hungary": 0.015672505026178937,
        "Kazakhstan": 0.015568217100765678,
        "Spain": 0.015511992161758244,
        "Netherlands": 0.015477817683677213,
        "Austria": 0.015038244248891271,
        "Usa": 0.014826737026659773,
        "Australia": 0.014744579246807875,
        "Sri Lanka": 0.014705921183417693,
        "China": 0.014691754029744744,
        "Argentina": 0.014613224892573471,
        "Vietnam": 0.01451607162790693,
        "Taiwan": 0.014336337335167149,
        "Zambia": 0.0142960581807539,
        "Guatemala": 0.014190977729983192,
        "Denmark": 0.013864235308215471,
        "Chile": 0.013678686565167086,
        "Russia": 0.012251844465274463,
        "Mexico": 0.010584938366413176,
        "South Korea": 0.010254304035207024,
        "Brazil": 0.009459850245648585,
        "Canada": 0.0048013789534561676
      },
      "country_entropy": 2.2641559356740415,
      "region": "Japan Korea",
      "region_confidence": {
        "Japan Korea": 0.6306594324925238,
        "Europe": 0.1666678790428904,
        "North America": 0.09095759954695107,
        "China": 0.02480754834163401,
        "South Asia": 0.01750782815891179,
        "Southeast Asia": 0.01689437054246302,
        "South America": 0.013322006131650225,
        "Oceania": 0.013303841363429967,
        "West Asia": 0.01313209486123385,
        "Africa": 0.012747399518311928
      },
      "region_entropy": 1.2663845351082705,
      "subtype": "H3N2",
      "subtype_confidence": {
        "H3N2": 0.9206960019573721,
        "H3N1": 0.07930399804262783
      },
      "subtype_entropy": 0.2770661938091702,
      "order": "Swine"
    },
    "TS_NODE_2003": {
      "host": "Swine",
      "country": "Italy",
      "country_confidence": {
        "Italy": 0.8834524201613602,
        "Japan": 0.08044800951256627,
        "Usa": 0.010985768685422984,
        "China": 0.009263102044465479,
        "United Kingdom": 0.007234993412464666,
        "Germany": 0.0016089069466646033,
        "Netherlands": 0.0012144745379489021
      },
      "country_entropy": 0.5065134168895414,
      "region": "Europe",
      "region_confidence": {
        "Europe": 0.9965739340163803,
        "Japan Korea": 0.003131905920235316
      },
      "region_entropy": 0.02427365992370621,
      "subtype": "H3N2",
      "subtype_confidence": {
        "H3N2": 0.9845061609192824,
        "H3N1": 0.015493839080717655
      },
      "subtype_entropy": 0.079940858920011,
      "order": "Swine"
    },
    "A/swine/Italy/1850/1977|1977-01-01": {
      "host": "Swine",
      "country": "Italy",
      "country_confidence": {
        "Italy": 1.0
      },
      "country_entropy": -1.000088900581841e-12,
      "region": "Europe",
      "region_confidence": {
        "Europe": 1.0
      },
      "region_entropy": -1.000088900581841e-12,
      "subtype": "H3N2",
      "subtype_confidence": {
        "H3N2": 1.0
      },
      "subtype_entropy": -1.000088900581841e-12,
      "order": "Swine"
    },
    "TS_NODE_2002": {
      "host": "Swine",
      "country": "Italy",
      "country_confidence": {
        "Italy": 0.8835704106732262,
        "Japan": 0.07014599113680958,
        "Usa": 0.014337411232703772,
        "China": 0.012299099525060815,
        "United Kingdom": 0.009482413541823734,
        "Germany": 0.0018020231658854972,
        "Netherlands": 0.0015832996182322877,
        "Hong Kong": 0.0010024746232237735
      },
      "country_entropy": 0.5305454954323653,
      "region": "Europe",
      "region_confidence": {
        "Europe": 0.999291882727904
      },
      "region_entropy": 0.006444061081720241,
      "subtype": "H3N2",
      "subtype_confidence": {
        "H3N2": 0.982691099781669,
        "H3N1": 0.017308900218330998
      },
      "subtype_entropy": 0.08737237932196952,
      "order": "Swine"
    },
    "A/swine/Italy/6/1981|1981-01-01": {
      "host": "Swine",
      "country": "Italy",
      "country_confidence": {
        "Italy": 0.9999999999999999
      },
      "country_entropy": -9.99866855976916e-13,
      "region": "Europe",
      "region_confidence": {
        "Europe": 1.0
      },
      "region_entropy": -1.000088900581841e-12,
      "subtype": "H3N2",
      "subtype_confidence": {
        "H3N2": 0.9999999999999999
      },
      "subtype_entropy": -9.99866855976916e-13,
      "order": "Swine"
    },
    "TS_NODE_2001": {
      "host": "Swine",
      "country": "Italy",
      "country_confidence": {
        "Italy": 0.39279399038315077,
        "China": 0.19116953699605221,
        "Usa": 0.15739044789903558,
