{
  "models": {
    "country": {
      "rate": 60.51326291728589,
      "alphabet": [
        "Algeria",
        "Argentina",
        "Australia",
        "Austria",
        "Brazil",
        "Chile",
        "China",
        "France",
        "Germany",
        "Ireland",
        "Italy",
        "Japan",
        "Kazakhstan",
        "Malaysia",
        "Mongolia",
        "Poland",
        "Romania",
        "Saudi Arabia",
        "South Africa",
        "South Korea",
        "Sweden",
        "Switzerland",
        "Turkey",
        "United Arab Emirates",
        "United Kingdom",
        "Uruguay",
        "Usa",
        "?"
      ],
      "equilibrium_probabilities": [
        0.03761264467200924,
        0.03521810933958833,
        0.039204035642387176,
        0.03920309398507406,
        0.036520144596062044,
        0.03255691991179957,
        0.041858491666810216,
        0.03574659232985768,
        0.038556924725295406,
        0.036824673131551924,
        0.03827864647398365,
        0.033866699491568834,
        0.04151360518782922,
        0.03573065307294459,
        0.03883041705596396,
        0.03957489996142889,
        0.03950040784421832,
        0.0369918906420621,
        0.0336300370700197,
        0.03920141164334987,
        0.03379850391940228,
        0.037591384192993293,
        0.03857458563518176,
        0.03934445169938274,
        0.026279202527586427,
        0.03587350234916916,
        0.038118071232479525
      ],
      "transition_matrix": [
        [
          0.0,
          0.9681858290737996,
          0.968361588127748,
          0.9676370181635748,
          0.9694198228705587,
          0.9708936702188823,
          0.9687612518166963,
          0.9691676751765069,
          0.9674887449796605,
          0.968045864296537,
          0.969128255737629,
          1.3335003678498376,
          0.9675785626867869,
          0.9680836986704916,
          0.9685930281956285,
          0.967268052188586,
          0.9675049665859373,
          0.9679477073569511,
          0.9687335311740978,
          0.9683591646699264,
          0.9686082890925202,
          0.9907125922407031,
          0.9674774411756556,
          0.9675112106587801,
          0.9914103164919051,
          0.9762871159322053,
          1.2197032296953678
        ],
        [
          0.9681858290737996,
          0.0,
          0.9652499970094682,
          0.9653911171144182,
          0.9656186231117545,
          1.1758640920644983,
          0.9662875033145216,
          0.9661623127570234,
          0.965250961155414,
          0.9654174458255379,
          0.9663237120677184,
          0.9685224264497291,
          0.9651950928276531,
          0.9652764408889286,
          0.9662981148092668,
          0.9650157216978783,
          0.965234693564547,
          0.9653168546777257,
          0.9653476291562743,
          0.9652482724486067,
          0.9652222247056351,
          0.9663836451023723,
          0.9652400245900535,
          0.9652417258959185,
          0.9824228749365783,
          0.9664264163943251,
          1.550453962975837
        ],
        [
          0.968361588127748,
          0.9652499970094682,
          0.0,
          0.9653439497725422,
          0.9653155421773003,
          0.9669238394551367,
          0.9663339842179705,
          0.9661423194113208,
          0.965191677278262,
          0.9652850111413613,
          0.9663316846736123,
          1.4607976595165006,
          0.9651224943002364,
          0.9651641918451914,
          0.9663526033061856,
          0.9649290036066454,
          0.9651710392461472,
          0.9651723662436542,
          0.9651882513131506,
          0.9651871240279664,
          0.96504752066318,
          0.9665127557169509,
          0.9651802809811597,
          0.96518111588001,
          0.9835006398701778,
          0.9661488484398222,
          0.9751648029676799
        ],
        [
          0.9676370181635748,
          0.9653911171144182,
          0.9653439497725422,
          0.0,
          0.965445601675381,
          0.9670546761285473,
          1.1700670794400696,
          0.9662855087303684,
          0.965366104818609,
          0.965431202598561,
          1.4858329443095444,
          0.9677092650010883,
          0.9655538049089155,
          0.9653057603909548,
          0.9667756593598638,
          0.9663011283082645,
          0.9653291008895392,
          0.9653190486281132,
          0.9653204058282576,
          0.9653420924756233,
          0.9651800184560138,
          0.967925189237954,
          0.965336906030865,
          0.9653383356282005,
          0.9883539936103866,
          0.9662032523210248,
          0.9749434677907224
        ],
        [
          0.9694198228705587,
          0.9656186231117545,
          0.9653155421773003,
          0.965445601675381,
          0.0,
          0.9675821351901214,
          0.9663762676591702,
          0.9664125028566486,
          0.9653068469453727,
          0.965583035530638,
          0.96652102980187,
          0.970426722697745,
          0.9652493801909285,
          0.9654657031623504,
          0.9663852002264673,
          0.9650605944138239,
          0.9652891120285085,
          0.9654790291248623,
          0.9656630074371594,
          0.9653137436045,
          0.9655335874003772,
          0.9732395060150854,
          0.9652952072424756,
          1.4507124669819758,
          0.9838093716675883,
          1.3958767640947845,
          1.5778018171539412
        ],
        [
          0.9708936702188823,
          1.1758640920644983,
          0.9669238394551367,
          0.9670546761285473,
          0.9675821351901214,
          0.0,
          0.9680175162002737,
          0.9677274106675121,
          0.9668995077688423,
          0.9671136746237723,
          0.9680793700955158,
          0.9714800487005456,
          0.9669693949028808,
          0.9668932916719573,
          0.9678860519139624,
          0.9667183196416435,
          0.9669202843282871,
          0.9670280964986426,
          0.9669592778723722,
          0.9669220758400714,
          0.9668533091988515,
          0.968228222825841,
          0.9668872867439169,
          0.9669175188333975,
          1.4752610113302187,
          0.9684954733148401,
          2.3677296672220454
        ],
        [
          0.9687612518166963,
          0.9662875033145216,
          0.9663339842179705,
          1.1700670794400696,
          0.9663762676591702,
          0.9680175162002737,
          0.0,
          0.9672543465995773,
          0.9663538009734725,
          0.966368651974248,
          1.3024033518253444,
          0.9687679063540916,
          2.3827684826070796,
          0.9662069872429361,
          2.129716232421335,
          0.9664927673425593,
          0.9663254898974318,
          0.966252664225668,
          0.9661710447250681,
          0.9663319518079458,
          0.9660256172711555,
          0.9682235524269891,
          0.9663276110324263,
          0.9663313838545934,
          1.4871614707728642,
          0.9671738407224194,
          0.9760707620233381
        ],
        [
          0.9691676751765069,
          0.9661623127570234,
          0.9661423194113208,
          0.9662855087303684,
          0.9664125028566486,
          0.9677274106675121,
          0.9672543465995773,
          0.0,
          0.966127754728161,
          0.966222838496149,
          0.9672490958129002,
          0.9693365231102632,
          0.9661363620346943,
          0.9660388142556713,
          0.9671956993547374,
          0.9659127787307668,
          1.44935803996927,
          0.9661243025659155,
          0.9660157309733712,
          0.9661404982944861,
          0.9658921545254306,
          1.4618210273443444,
          0.9661166790789218,
          0.9661362439682776,
          0.9828915746439528,
          0.9672865724256327,
          1.464708708171897
        ],
        [
          0.9674887449796605,
          0.965250961155414,
          0.965191677278262,
          0.965366104818609,
          0.9653068469453727,
          0.9668995077688423,
          0.9663538009734725,
          0.966127754728161,
          0.0,
          0.9652865409521232,
          0.9880552971665774,
          0.9675824483671753,
          0.9651285976802526,
          0.9651663449223955,
          0.9663457018441727,
          0.9649421452251674,
          0.9651757836681207,
          0.9651757753654816,
          0.9651876145794727,
          0.9651898369284253,
          0.9650500123784028,
          0.9669314275878506,
          0.9651893067480259,
          0.9651855839063205,
          1.4807710295405967,
          0.9660579563704965,
          0.9753894493256349
        ],
        [
          0.968045864296537,
          0.9654174458255379,
          0.9652850111413613,
          0.965431202598561,
          0.965583035530638,
          0.9671136746237723,
          0.966368651974248,
          0.966222838496149,
          0.9652865409521232,
          0.0,
          0.9663932666955889,
          0.9683109989049206,
          0.965229040541771,
          0.9652993128530948,
          0.9663782181333436,
          0.9650413465006761,
          0.965269775498682,
          1.373153721196483,
          0.965358993789597,
          0.9652832275496375,
          0.9655461273486982,
          0.9664147216633,
          0.9652753937691161,
          0.9652775791162711,
          0.9837963721581291,
          0.9663778896121689,
          1.3326952373190242
        ],
        [
          0.969128255737629,
          0.9663237120677184,
          0.9663316846736123,
          1.4858329443095444,
          0.96652102980187,
          0.9680793700955158,
          1.3024033518253444,
          0.9672490958129002,
          0.9880552971665774,
          0.9663932666955889,
          0.0,
          0.9693760740193696,
          0.9668225973387048,
          0.9662284498344615,
          0.9679919176122865,
          1.4470527176019758,
          0.9663260704846003,
          0.9662878789491508,
          0.9662123468536421,
          0.9663297816854113,
          0.966081170354247,
          1.8087272267430057,
          0.9664118512260781,
          0.9663269055502817,
          1.8585511153105365,
          0.9673742635302724,
          1.0854039994448497
        ],
        [
          1.3335003678498376,
          0.9685224264497291,
          1.4607976595165006,
          0.9677092650010883,
          0.970426722697745,
          0.9714800487005456,
          0.9687679063540916,
          0.9693365231102632,
          0.9675824483671753,
          0.9683109989049206,
          0.9693760740193696,
          0.0,
          0.9676754446861343,
          0.9683097130959041,
          0.968574330783835,
          0.9673759535288015,
          0.9675931313895253,
          0.9682245875203799,
          0.9690961220064895,
          1.4530129909958223,
          0.9689972111868388,
          0.9954127586541232,
          0.9675689091223154,
          0.9675969954986046,
          1.4946727547016945,
          0.9794029579320798,
          2.264408635082085
        ],
        [
          0.9675785626867869,
          0.9651950928276531,
          0.9651224943002364,
          0.9655538049089155,
          0.9652493801909285,
          0.9669693949028808,
          2.3827684826070796,
          0.9661363620346943,
          0.9651285976802526,
          0.965229040541771,
          0.9668225973387048,
          0.9676754446861343,
          0.0,
          0.9651017137314569,
          1.5813430656129253,
          0.9648503111413459,
          0.9651049200451874,
          0.9651094023077934,
          0.9651286257547356,
          0.9651205276082847,
          0.9649791565504029,
          0.9662772734644005,
          0.9651164039643155,
          0.9651156904139694,
          0.9848766956760254,
          0.966058452059672,
          0.9740320892258243
        ],
        [
          0.9680836986704916,
          0.9652764408889286,
          0.9651641918451914,
          0.9653057603909548,
          0.9654657031623504,
          0.9668932916719573,
          0.9662069872429361,
          0.9660388142556713,
          0.9651663449223955,
          0.9652993128530948,
          0.9662284498344615,
          0.9683097130959041,
          0.9651017137314569,
          0.0,
          0.9662248030290828,
          0.9649260232204321,
          0.9651481076770848,
          0.9651968444330878,
          0.9651629374892593,
          0.9651624446933667,
          0.9650354382191056,
          0.9662405778929661,
          0.9651553295507614,
          0.9651557083125151,
          0.9820479496881288,
          0.9663026235058745,
          1.458946031000651
        ],
        [
          0.9685930281956285,
          0.9662981148092668,
          0.9663526033061856,
          0.9667756593598638,
          0.9663852002264673,
          0.9678860519139624,
          2.129716232421335,
          0.9671956993547374,
          0.9663457018441727,
          0.9663782181333436,
          0.9679919176122865,
          0.968574330783835,
          1.5813430656129253,
          0.9662248030290828,
          0.0,
          0.9661084080102517,
          0.9663455453829664,
          0.9662711416228412,
          0.9661851426027103,
          0.9663506999805328,
          0.9660500219355249,
          0.9673928867774019,
          0.9663351478140807,
          0.9663506073426494,
          0.9999073862831093,
          0.967123288279973,
          0.9747285682634912
        ],
        [
          0.967268052188586,
          0.9650157216978783,
          0.9649290036066454,
          0.9663011283082645,
          0.9650605944138239,
          0.9667183196416435,
          0.9664927673425593,
          0.9659127787307668,
          0.9649421452251674,
          0.9650413465006761,
          1.4470527176019758,
          0.9673759535288015,
          0.9648503111413459,
          0.9649260232204321,
          0.9661084080102517,
          0.0,
          0.9649107544980252,
          0.9649265803198915,
          0.9649615571845299,
          0.9649271365364562,
          0.9648184354356816,
          0.9673597578251154,
          0.964926808188425,
          0.9649218733371653,
          0.9842586636160676,
          0.9658318933982901,
          0.9735652063957798
        ],
        [
          0.9675049665859373,
          0.965234693564547,
          0.9651710392461472,
          0.9653291008895392,
          0.9652891120285085,
          0.9669202843282871,
          0.9663254898974318,
          1.44935803996927,
          0.9651757836681207,
          0.965269775498682,
          0.9663260704846003,
          0.9675931313895253,
          0.9651049200451874,
          0.9651481076770848,
          0.9663455453829664,
          0.9649107544980252,
          0.0,
          0.965156209019118,
          0.9651719732257629,
          0.9651691567757321,
          0.9650301169062117,
          0.970289612669014,
          0.9651642935574287,
          0.9651647581759382,
          0.9835960925975483,
          0.9660560922127555,
          0.9795212039915503
        ],
        [
          0.9679477073569511,
          0.9653168546777257,
          0.9651723662436542,
          0.9653190486281132,
          0.9654790291248623,
          0.9670280964986426,
          0.966252664225668,
          0.9661243025659155,
          0.9651757753654816,
          1.373153721196483,
          0.9662878789491508,
          0.9682245875203799,
          0.9651094023077934,
          0.9651968444330878,
          0.9662711416228412,
          0.9649265803198915,
          0.965156209019118,
          0.0,
          0.9652629150687344,
          0.9651705832570284,
          0.9654481256730427,
          0.966311084013459,
          0.9651645325334516,
          0.9651645014061041,
          0.9837977868544292,
          0.966278746581188,
          1.3323485828518824
        ],
        [
          0.9687335311740978,
          0.9653476291562743,
          0.9651882513131506,
          0.9653204058282576,
          0.9656630074371594,
          0.9669592778723722,
          0.9661710447250681,
          0.9660157309733712,
          0.9651876145794727,
          0.965358993789597,
          0.9662123468536421,
          0.9690961220064895,
          0.9651286257547356,
          0.9651629374892593,
          0.9661851426027103,
          0.9649615571845299,
          0.9651719732257629,
          0.9652629150687344,
          0.0,
          0.9651865601649494,
          0.9650658631503863,
          0.9663012002151438,
          0.965176645981239,
          0.9651775085065707,
          0.98131202070546,
          0.9665972387977844,
          1.960483198436423
        ],
        [
          0.9683591646699264,
          0.9652482724486067,
          0.9651871240279664,
          0.9653420924756233,
          0.9653137436045,
          0.9669220758400714,
          0.9663319518079458,
          0.9661404982944861,
          0.9651898369284253,
          0.9652832275496375,
          0.9663297816854113,
          1.4530129909958223,
          0.9651205276082847,
          0.9651624446933667,
          0.9663506999805328,
          0.9649271365364562,
          0.9651691567757321,
          0.9651705832570284,
          0.9651865601649494,
          0.0,
          0.9650458324214635,
          0.9665094900788622,
          0.9651784406548259,
          0.9651792399159138,
          0.9834966954181625,
          0.9661466644190321,
          0.9751182678050985
        ],
        [
          0.9686082890925202,
          0.9652222247056351,
          0.96504752066318,
          0.9651800184560138,
          0.9655335874003772,
          0.9668533091988515,
          0.9660256172711555,
          0.9658921545254306,
          0.9650500123784028,
          0.9655461273486982,
          0.966081170354247,
          0.9689972111868388,
          0.9649791565504029,
          0.9650354382191056,
          0.9660500219355249,
          0.9648184354356816,
          0.9650301169062117,
          0.9654481256730427,
          0.9650658631503863,
          0.9650458324214635,
          0.0,
          0.9661717255525625,
          0.9650389361678788,
          0.9650362436561118,
          0.9831793957611006,
          0.9664729516629079,
          1.9509244070072351
        ],
        [
          0.9907125922407031,
          0.9663836451023723,
          0.9665127557169509,
          0.967925189237954,
          0.9732395060150854,
          0.968228222825841,
          0.9682235524269891,
          1.4618210273443444,
          0.9669314275878506,
          0.9664147216633,
          1.8087272267430057,
          0.9954127586541232,
          0.9662772734644005,
          0.9662405778929661,
          0.9673928867774019,
          0.9673597578251154,
          0.970289612669014,
          0.966311084013459,
          0.9663012002151438,
          0.9665094900788622,
          0.9661717255525625,
          0.0,
          0.9662971562477488,
          0.9662953589753789,
          1.395901204063346,
          1.0056319642631093,
          1.615346239065429
        ],
        [
          0.9674774411756556,
          0.9652400245900535,
          0.9651802809811597,
          0.965336906030865,
          0.9652952072424756,
          0.9668872867439169,
          0.9663276110324263,
          0.9661166790789218,
          0.9651893067480259,
          0.9652753937691161,
          0.9664118512260781,
          0.9675689091223154,
          0.9651164039643155,
          0.9651553295507614,
          0.9663351478140807,
          0.964926808188425,
          0.9651642935574287,
          0.9651645325334516,
          0.965176645981239,
          0.9651784406548259,
          0.9650389361678788,
          0.9662971562477488,
          0.0,
          0.965174153182982,
          1.476320762914374,
          0.9660467490659347,
          0.9737312298697784
        ],
        [
          0.9675112106587801,
          0.9652417258959185,
          0.96518111588001,
          0.9653383356282005,
          1.4507124669819758,
          0.9669175188333975,
          0.9663313838545934,
          0.9661362439682776,
          0.9651855839063205,
          0.9652775791162711,
          0.9663269055502817,
          0.9675969954986046,
          0.9651156904139694,
          0.9651557083125151,
          0.9663506073426494,
          0.9649218733371653,
          0.9651647581759382,
          0.9651645014061041,
          0.9651775085065707,
          0.9651792399159138,
          0.9650362436561118,
          0.9662953589753789,
          0.965174153182982,
          0.0,
          0.9835147379225325,
          0.9663560931928337,
          0.9739991658622289
        ],
        [
          0.9914103164919051,
          0.9824228749365783,
          0.9835006398701778,
          0.9883539936103866,
          0.9838093716675883,
          1.4752610113302187,
          1.4871614707728642,
          0.9828915746439528,
          1.4807710295405967,
          0.9837963721581291,
          1.8585511153105365,
          1.4946727547016945,
          0.9848766956760254,
          0.9820479496881288,
          0.9999073862831093,
          0.9842586636160676,
          0.9835960925975483,
          0.9837977868544292,
          0.98131202070546,
          0.9834966954181625,
          0.9831793957611006,
          1.395901204063346,
          1.476320762914374,
          0.9835147379225325,
          0.0,
          0.9851969296435225,
          5.0825783194546315
        ],
        [
          0.9762871159322053,
          0.9664264163943251,
          0.9661488484398222,
          0.9662032523210248,
          1.3958767640947845,
          0.9684954733148401,
          0.9671738407224194,
          0.9672865724256327,
          0.9660579563704965,
          0.9663778896121689,
          0.9673742635302724,
          0.9794029579320798,
          0.966058452059672,
          0.9663026235058745,
          0.967123288279973,
          0.9658318933982901,
          0.9660560922127555,
          0.966278746581188,
          0.9665972387977844,
          0.9661466644190321,
          0.9664729516629079,
          1.0056319642631093,
          0.9660467490659347,
          0.9663560931928337,
          0.9851969296435225,
          0.0,
          1.4811875370554244
        ],
        [
          1.2197032296953678,
          1.550453962975837,
          0.9751648029676799,
          0.9749434677907224,
          1.5778018171539412,
          2.3677296672220454,
          0.9760707620233381,
          1.464708708171897,
          0.9753894493256349,
          1.3326952373190242,
          1.0854039994448497,
          2.264408635082085,
          0.9740320892258243,
          1.458946031000651,
          0.9747285682634912,
          0.9735652063957798,
          0.9795212039915503,
          1.3323485828518824,
          1.960483198436423,
          0.9751182678050985,
          1.9509244070072351,
          1.615346239065429,
          0.9737312298697784,
          0.9739991658622289,
          5.0825783194546315,
          1.4811875370554244,
          0.0
        ]
      ]
    },
    "region": {
      "rate": 37.173679325685086,
      "alphabet": [
        "Africa",
        "China",
        "Europe",
        "Japan Korea",
        "North America",
        "Oceania",
        "South America",
        "Southeast Asia",
        "West Asia",
        "?"
      ],
      "equilibrium_probabilities": [
        0.10692791875613815,
        0.1264343071051191,
        0.09251102259386751,
        0.11276859247107955,
        0.08746112793377285,
        0.11607054589869344,
        0.09971613133589012,
        0.10392037098125706,
        0.1541899829241822
      ],
      "transition_matrix": [
        [
          0.0,
          0.7562895172091685,
          0.8170572291261875,
          1.0378334040583497,
          1.7491951107946493,
          0.7571033174247912,
          0.7662650283483774,
          0.756728002263403,
          0.7568650111697756
        ],
        [
          0.7562895172091685,
          0.0,
          1.5634656760398025,
          0.7555769670565863,
          0.7517647782803171,
          0.7540927535859261,
          0.7535612484813062,
          0.7540832290595885,
          2.6385007119599675
        ],
        [
          0.8170572291261875,
          1.5634656760398025,
          0.0,
          1.2262662894768637,
          5.873399115216332,
          0.7746055608230917,
          1.2225661829760188,
          0.7725054546986829,
          1.5983670340489662
        ],
        [
          1.0378334040583497,
          0.7555769670565863,
          1.2262662894768637,
          0.0,
          1.7464028660181585,
          1.1447751845688345,
          0.7665321157185094,
          0.7561468382458746,
          0.7560033817546594
        ],
        [
          1.7491951107946493,
          0.7517647782803171,
          5.873399115216332,
          1.7464028660181585,
          0.0,
          0.752853057491418,
          2.9020877609023965,
          1.1277569345879315,
          0.7620294199981652
        ],
        [
          0.7571033174247912,
          0.7540927535859261,
          0.7746055608230917,
          1.1447751845688345,
          0.752853057491418,
          0.0,
          0.753920893643516,
          0.7545700870733284,
          0.7540534210075116
        ],
        [
          0.7662650283483774,
          0.7535612484813062,
          1.2225661829760188,
          0.7665321157185094,
          2.9020877609023965,
          0.753920893643516,
          0.0,
          0.7539958299723171,
          1.1324209622961745
        ],
        [
          0.756728002263403,
          0.7540832290595885,
          0.7725054546986829,
          0.7561468382458746,
          1.1277569345879315,
          0.7545700870733284,
          0.7539958299723171,
          0.0,
          0.7540359537235141
        ],
        [
          0.7568650111697756,
          2.6385007119599675,
          1.5983670340489662,
          0.7560033817546594,
          0.7620294199981652,
          0.7540534210075116,
          1.1324209622961745,
          0.7540359537235141,
          0.0
        ]
      ]
    }
  },
  "nodes": {
    "NODE_0000222": {
      "host": "Equine",
      "country": "Usa",
      "country_confidence": {
        "Usa": 0.43291549391769907,
        "Switzerland": 0.16279497140790986,
        "Japan": 0.0650324926181659,
        "Uruguay": 0.05239065278233888,
        "Algeria": 0.04377194376865313,
        "United Kingdom": 0.02576406006940362,
        "Brazil": 0.014479381195377432,
        "Chile": 0.013602004647116452,
        "Sweden": 0.012003101255330795,
        "South Africa": 0.011989111850216654,
        "France": 0.011758531082365563,
        "Italy": 0.011725391291470743,
        "Argentina": 0.010580925242124384,
        "Malaysia": 0.010285929703125057,
        "Saudi Arabia": 0.01003029084380455,
        "Australia": 0.009988756976518924,
        "Ireland": 0.009987523886832697,
        "South Korea": 0.009969709250551573,
        "China": 0.009575337713449393,
        "Kazakhstan": 0.009344869995276643,
        "Romania": 0.008947869781734296,
        "United Arab Emirates": 0.00894328587269469,
        "Poland": 0.008920339958935417,
        "Austria": 0.008849913501141232,
        "Germany": 0.008799844931997704,
        "Turkey": 0.008792233897146867,
        "Mongolia": 0.008756032558618414
      },
      "country_entropy": 2.2122624196129075,
      "region": "North America",
      "region_confidence": {
        "North America": 0.5016755632939432,
        "Europe": 0.23724248363127476,
        "Japan Korea": 0.08033841133068803,
        "Africa": 0.06912935587576183,
        "South America": 0.06439579501410349,
        "West Asia": 0.015787911029074515,
        "China": 0.012131386595799898,
        "Oceania": 0.00984932738880445,
        "Southeast Asia": 0.009449765840549622
      },
      "region_entropy": 1.459841165680045,
      "subtype": "H3N8",
      "order": "Equine"
    },
    "NODE_0000005": {
      "host": "Equine",
      "country": "Japan",
      "country_confidence": {
        "Japan": 0.27650258452175885,
        "Algeria": 0.20670653602988237,
        "Usa": 0.12209900984640065,
        "Switzerland": 0.0502660282794837,
        "Uruguay": 0.02397783316141958,
        "United Kingdom": 0.02372675878044287,
        "Australia": 0.01670958748530553,
        "South Korea": 0.01665095736208638,
        "Chile": 0.015424150436132555,
        "Brazil": 0.015255998750028098,
        "Italy": 0.015009188789585447,
        "France": 0.014512967111832935,
        "Sweden": 0.014488371781424746,
        "South Africa": 0.014449041539157272,
        "China": 0.014175211787202486,
        "Kazakhstan": 0.013838403363510466,
        "Argentina": 0.0137278033837407,
        "Saudi Arabia": 0.013615373673218007,
        "Malaysia": 0.013591799899339573,
        "Ireland": 0.013556656054027817,
        "Romania": 0.013222964673703074,
        "Poland": 0.013210079153135688,
        "United Arab Emirates": 0.013168560045348714,
        "Austria": 0.013102420417999918,
        "Germany": 0.013024530041933447,
        "Turkey": 0.013020151029860873,
        "Mongolia": 0.012967032602038209
      },
      "country_entropy": 2.52960901809595,
      "region": "Japan Korea",
      "region_confidence": {
        "Japan Korea": 0.32313770021966004,
        "Africa": 0.27526026511683604,
        "North America": 0.20146438349665616,
        "Europe": 0.09339194173662965,
        "South America": 0.036053052669644196,
        "West Asia": 0.022183585541243483,
        "Oceania": 0.017489380663441984,
        "China": 0.017469451394130742,
        "Southeast Asia": 0.013550239161757675
      },
      "region_entropy": 1.668372862777408,
      "subtype": "H3N8",
      "order": "Equine"
    },
    "A/equine/Algiers/1/1972|1972-01-01": {
      "host": "Equine",
      "country": "Algeria",
      "country_confidence": {
        "Algeria": 1.0
      },
      "country_entropy": -1.000088900581841e-12,
      "region": "Africa",
      "region_confidence": {
        "Africa": 1.0
      },
      "region_entropy": -1.000088900581841e-12,
      "subtype": "H3N8",
      "order": "Equine"
    },
    "NODE_0000006": {
      "host": "Equine",
      "country": "Japan",
      "country_confidence": {
        "Japan": 0.9996847597551716
      },
      "country_entropy": 0.0037741868142359128,
      "region": "Japan Korea",
      "region_confidence": {
        "Japan Korea": 0.9995722598102916
      },
      "region_entropy": 0.004473336177370188,
      "subtype": "H3N8",
      "order": "Equine"
    },
    "A/equine/Sachiyama/1/1971|1971-01-01": {
      "host": "Equine",
      "country": "Japan",
      "country_confidence": {
        "Japan": 1.0
      },
      "country_entropy": -1.000088900581841e-12,
      "region": "Japan Korea",
      "region_confidence": {
        "Japan Korea": 1.0
      },
      "region_entropy": -1.000088900581841e-12,
      "subtype": "H3N8",
      "order": "Equine"
    },
    "A/equine/Tokyo/2/1971|1971-01-01": {
      "host": "Equine",
      "country": "Japan",
      "country_confidence": {
        "Japan": 1.0
      },
      "country_entropy": -1.000088900581841e-12,
      "region": "Japan Korea",
      "region_confidence": {
        "Japan Korea": 1.0
      },
      "region_entropy": -1.000088900581841e-12,
      "subtype": "H3N8",
      "order": "Equine"
    },
    "NODE_0000004": {
      "host": "Equine",
      "country": "Usa",
      "country_confidence": {
        "Usa": 0.5944127984964251,
        "Switzerland": 0.20930490719762648,
        "Uruguay": 0.06015399030167122,
        "Japan": 0.02201743251137149,
        "United Kingdom": 0.014747611321875903,
        "Algeria": 0.01319898521183508,
        "Brazil": 0.008673590882571493,
        "Chile": 0.005876672490988288,
        "Italy": 0.005107444260816567,
        "France": 0.0050580584360207514,
        "South Africa": 0.004918214671348373,
        "Sweden": 0.004917802919395149,
        "Argentina": 0.004113418249707161,
        "Malaysia": 0.003944351318869749,
        "Saudi Arabia": 0.003776763132031934,
        "Ireland": 0.0037610230011140312,
        "Australia": 0.003509032656206266,
        "South Korea": 0.0035030391125666573,
        "China": 0.003440810720037154,
        "Kazakhstan": 0.003332885959090316,
        "United Arab Emirates": 0.0032454784113539596,
        "Romania": 0.0032014722468924352,
        "Poland": 0.0031832256492047664,
        "Germany": 0.0031599966143228933,
        "Austria": 0.0031599838153435838,
        "Turkey": 0.003155627240400572,
        "Mongolia": 0.0031253831709126636
      },
      "country_entropy": 1.4788320015414353,
      "region": "North America",
      "region_confidence": {
        "North America": 0.6255536497689834,
        "Europe": 0.2746077906804037,
        "South America": 0.06043200924798212,
        "Japan Korea": 0.016583299972473247,
        "Africa": 0.013375222961035625,
        "West Asia": 0.0035459478121969497,
        "China": 0.0024628786219814736,
        "Southeast Asia": 0.001805480635394074,
        "Oceania": 0.0016337202995494262
      },
      "region_entropy": 1.0003253066769129,
      "subtype": "H3N8",
      "order": "Equine"
    },
    "NODE_0000002": {
      "host": "Equine",
      "country": "Usa",
      "country_confidence": {
        "Usa": 0.6080534437469409,
        "Switzerland": 0.24686669398796598,
        "Uruguay": 0.0689934628676471,
        "Japan": 0.011192598945063574,
        "United Kingdom": 0.00972038699959855,
        "Brazil": 0.0074016458757419495,
        "Algeria": 0.0061822237079808984,
        "Chile": 0.0033508743446849206,
        "Italy": 0.002947309058995991,
        "France": 0.002937426609566482,
        "South Africa": 0.002744588218356165,
        "Sweden": 0.002742654152830079,
        "Argentina": 0.0022335255349691724,
        "Malaysia": 0.0021260171879673097,
        "Saudi Arabia": 0.0020134533996204558,
        "Ireland": 0.0020052313516104535,
        "Australia": 0.0017818518783351237,
        "South Korea": 0.0017790594220912395,
        "China": 0.0017664162811733978,
        "Kazakhstan": 0.001709808830737218,
        "United Arab Emirates": 0.0017081170684513695,
        "Romania": 0.001644555124224607,
        "Poland": 0.001632778384959154,
        "Austria": 0.0016214852353579323,
        "Germany": 0.0016213768323198373,
        "Turkey": 0.0016186160688717638,
        "Mongolia": 0.0016043988839384083
      },
      "country_entropy": 1.2509269877987204,
      "region": "North America",
      "region_confidence": {
        "North America": 0.6239371089737125,
        "Europe": 0.3012178596257845,
        "South America": 0.06421579177928688,
        "Japan Korea": 0.004390935184763462,
        "Africa": 0.003219738644910352,
        "West Asia": 0.0013508892810062381
      },
      "region_entropy": 0.895734171142179,
      "subtype": "H3N8",
      "order": "Equine"
    },
    "NODE_0000003": {
      "host": "Equine",
      "country": "Usa",
      "country_confidence": {
        "Usa": 0.626184994798944,
        "Switzerland": 0.2922173638610792,
        "Uruguay": 0.03558178494053184,
        "United Kingdom": 0.0074831390966836634,
        "Japan": 0.00660986766919494,
        "Brazil": 0.004098834090321528,
        "Algeria": 0.003194889429923056,
        "Chile": 0.0022127900235946866,
        "France": 0.0019059540521504442,
        "Italy": 0.001822814370116252,
        "South Africa": 0.0017589170498120074,
        "Sweden": 0.0017561574779403977,
        "Argentina": 0.0013693601279491704,
        "Malaysia": 0.0012870113817465723,
        "Saudi Arabia": 0.0011948547539047925,
        "Ireland": 0.0011900564635931397
      },
      "country_entropy": 1.0457410792729092,
      "region": "North America",
      "region_confidence": {
        "North America": 0.623670389511061,
        "Europe": 0.351377577384283,
        "South America": 0.021861742619155557,
        "Japan Korea": 0.001363155652908795
      },
      "region_entropy": 0.7677770627812801,
      "subtype": "H3N8",
      "order": "Equine"
    },
    "A/equine/Miami/1/1963|1963-01-01": {
      "host": "Equine",
      "country": "Usa",
      "country_confidence": {
        "Usa": 1.0
      },
      "country_entropy": -1.000088900581841e-12,
      "region": "North America",
      "region_confidence": {
        "North America": 1.0
      },
      "region_entropy": -1.000088900581841e-12,
      "subtype": "H3N8",
      "order": "Equine"
    },
    "A/equine/Switzerland/2225/1979|1979-01-01": {
      "host": "Equine",
      "country": "Switzerland",
      "country_confidence": {
        "Switzerland": 1.0
      },
      "country_entropy": -1.000088900581841e-12,
      "region": "Europe",
      "region_confidence": {
        "Europe": 1.0
      },
      "region_entropy": -1.000088900581841e-12,
      "subtype": "H3N8",
      "order": "Equine"
    },
    "NODE_0000001": {
      "host": "Equine",
      "country": "Uruguay",
      "country_confidence": {
        "Uruguay": 0.743856001264071,
        "Usa": 0.09097971438547582,
        "Brazil": 0.05313463149560675,
        "Switzerland": 0.03472110399068234,
        "United Kingdom": 0.0060499597887262255,
        "Japan": 0.004944988143317072,
        "Chile": 0.003887108777276389,
        "Algeria": 0.003622043609001403,
        "Italy": 0.003594293080488374,
        "France": 0.003528664721016784,
        "Sweden": 0.003523634482364612,
        "South Africa": 0.00351761894512769,
        "United Arab Emirates": 0.0035102813847096804,
        "Argentina": 0.0031998362057686614,
        "Malaysia": 0.0031339262574790637,
        "Saudi Arabia": 0.003089198151959914,
        "Ireland": 0.0030761967416535877,
        "China": 0.003047385670823093,
        "Kazakhstan": 0.002977684317615002,
        "Australia": 0.002853882539681645,
        "South Korea": 0.00285298376717723,
        "Romania": 0.0028493888594472274,
        "Poland": 0.002842694112903623,
        "Austria": 0.0028206403867981128,
        "Germany": 0.002797832902543057,
        "Turkey": 0.0027959674545956466,
        "Mongolia": 0.0027923385636899768
      },
      "country_entropy": 1.1494323174563654,
      "region": "South America",
      "region_confidence": {
        "South America": 0.9534420131399506,
        "North America": 0.03356459947215627,
        "Europe": 0.009727962342494994,
        "West Asia": 0.0010621756018817361
      },
      "region_entropy": 0.22866620342968905,
      "subtype": "H3N8",
      "order": "Equine"
    },
    "A/equine/Uruguay/1/1963|1963-01-01": {
      "host": "Equine",
      "country": "Uruguay",
      "country_confidence": {
        "Uruguay": 0.9999999999999999
      },
      "country_entropy": -9.99866855976916e-13,
      "region": "South America",
      "region_confidence": {
        "South America": 1.0
      },
      "region_entropy": -1.000088900581841e-12,
      "subtype": "H3N8",
      "order": "Equine"
    },
    "NODE_0000000": {
      "host": "Equine",
      "country": "Brazil",
      "country_confidence": {
        "Brazil": 0.9997690107082359
      },
      "country_entropy": 0.002773410837479094,
      "region": "South America",
      "region_confidence": {
        "South America": 0.9999414888576352
      },
      "region_entropy": 0.0006944624121071634,
      "subtype": "H3N8",
      "order": "Equine"
    },
    "A/equine/Sao_Paulo/6/1963|1963-01-01": {
      "host": "Equine",
      "country": "Brazil",
      "country_confidence": {
        "Brazil": 1.0
      },
